 10 10
 2.8651685730646017 -0.87799844806369598 -3.5976104786451986 -3.2810367791219539 2.4225267930399337 1.4064584617397722 -0.96692261295308524 -2.6150146942291674 -1.9114780434286496 -1.4001438785464826
 -0.87799844806369598 -0.80309497531872409 -1.0656668075548108 0.42609533683511469 -2.0346195516363204 -0.29111684197033777 -4.3179374863087725 0.50959043700420481 3.0372804793866344 -2.5286830152342898
 -3.5976104786451986 -1.0656668075548108 -0.53614774417746758 -0.071501648960219016 -1.9998583947070305 -1.5458335890152513 1.5225358585169133 -0.074604512060678391 0.85551228776981303 -1.7311727308783444
 -3.2810367791219539 0.42609533683511469 -0.071501648960218961 0.28645845320400304 -0.7096609454063153 -0.50320761575874917 -4.4739404861676029 -0.87029635142113426 -2.4467937360931984 0.72134012918065782
 2.4225267930399332 -2.0346195516363204 -1.9998583947070308 -0.7096609454063153 3.54191064203824 -3.2465590653703491 -2.8504116908471371 -0.68043244341282572 -2.0059368282748871 -2.6040177088520062
 1.4064584617397722 -0.29111684197033777 -1.5458335890152513 -0.50320761575874917 -3.2465590653703491 -4.5690839812080828 -1.7976334760506245 0.91045770767451339 -2.6304178922546537 1.7105172142998759
 -0.96692261295308501 -4.3179374863087725 1.5225358585169135 -4.4739404861676029 -2.8504116908471371 -1.7976334760506241 1.7489430800275778 -0.81257037058036974 0.65443889795771493 0.59129031869936155
 -2.6150146942291674 0.50959043700420492 -0.074604512060678391 -0.87029635142113426 -0.68043244341282572 0.91045770767451339 -0.81257037058036996 -1.7831802985146761 -2.0231446797806836 -4.0741860492176993
 -1.9114780434286498 3.0372804793866348 0.85551228776981325 -2.4467937360931984 -2.0059368282748871 -2.6304178922546537 0.65443889795771493 -2.0231446797806836 -0.053948329355091085 -1.755814012012137
 -1.400143878546483 -2.5286830152342898 -1.7311727308783444 0.72134012918065782 -2.6040177088520058 1.7105172142998759 0.59129031869936122 -4.0741860492176993 -1.755814012012137 -0.69702541976036958


