30 30
 14.083747289985554 -0.42678437581304901 0.18338857103654693 0.25382988674848783 0.58145102320604491 -3.0175257181631276 -0.38976899324179032 -2.179137640677042 -0.32101704585532936 1.0473724544390612 -1.0465525889135445 -0.20311258600345117 0.74573085648602877 -2.3485115979007958 -1.5243455275578683 -0.72801766754736341 0.02919658322755312 1.7940423231403133 0.18578502763453444 -0.34976660364709133 -2.6056202593475599 -1.7936616739275919 1.3071008929020826 -0.34181482890583059 -2.598133431488447 0.61239174172208943 -2.1610227168488749 -1.150363202745325 1.2223012348458413 2.422252087980052
 -0.42678437581304901 15.456482799674278 -0.63439471385770418 -2.4170799133831977 0.90903770815474916 2.3003142020926801 -0.53165535414190246 0.86350990095966418 -1.8943843726972807 1.2008014747800189 -2.3867353105859035 0.8511856888532312 -1.1581312372832153 2.1241988725342575 -1.6984987223388597 0.86421722674953261 -4.3743454355492579 -3.4969423338057988 2.1672036470723617 0.93411571176515351 -2.9306248370652885 -0.86420628743576478 0.50887922822781873 -1.5333998785409468 -0.69741389983557855 -0.57636274775682772 -1.0185984374353096 -1.548324204997944 -1.9376592618616411 0.55858364778739611
 0.18338857103654704 -0.63439471385770418 14.347750978980777 0.46049820651062456 1.0104608700150699 -2.6400547195850335 -0.88899165869687935 -3.4503369617724875 -0.69055885525209038 0.55686335921242525 0.46553889873782661 0.71864054113708264 0.81187172981534173 0.09867957675215118 -1.6065441260678783 -1.4762445724579849 -0.89646354485121749 -0.2273237467223489 -0.47291473981583421 -1.5560737476584006 0.42630797963714878 -0.80934661389078166 -0.92374153822124194 0.2533898145907521 1.5835914669878548 -1.3378909827998426 -0.28288794103069509 1.1745621927012326 -1.0040224422058617 0.14658536387456814
 0.25382988674848783 -2.4170799133831977 0.46049820651062379 18.218203696023124 2.0501967252474316 1.1022575750667014 -1.1812033494541829 -2.8108600947560278 -0.99642175801802246 -0.067917619428655929 -0.85437314084066307 -1.613364130059614 -1.6288441367443545 -0.58286204316373091 -0.51123958136804037 -1.2856476561310699 1.6061592761453807 1.4849787951234759 -1.5106969779311696 1.3347403900172732 0.90930832402048134 0.51848001241296182 -0.91210978303698587 -3.0985616960072848 -2.8140779013545059 -0.39098712074257014 -1.248716464801271 0.34881895341409552 -1.4283428920016978 -1.1082874580002358
 0.58145102320604536 0.90903770815474894 1.0104608700150699 2.0501967252474316 13.461789367750299 2.1573935404791609 -0.14449150940359501 1.1493186709617356 -1.4333917868175894 -3.0940775474817199 -0.36186262832167032 -3.7211190649557109 -1.8669095402507991 -1.002987663184286 -3.8910227023473283 -0.14295040565923256 -0.6565113650963158 -0.56255661412153968 -0.48938090768895259 -0.49755474699042518 3.5521421830902882 -0.8047614836245055 -2.2164818380791944 -0.76662944247201525 0.91489432125201886 -1.0417113427651437 0.31802624114816103 -1.3352715763759586 -0.59927621154349819 -1.4542027898708931
 -3.0175257181631272 2.3003142020926801 -2.640054719585033 1.1022575750667016 2.1573935404791613 13.58698278030384 -0.41252153996023777 -0.82387623208136984 -0.33188004254797909 -0.05333445860829622 0.52845301078222184 1.6678725860152528 -1.393904303498867 0.40523678043544653 0.59217090994120558 -0.80833930283299149 -2.7354441614552862 0.1511518701023904 -0.25177474087318397 0.10133845822675544 0.37683515753763014 -2.0628678957271793 -0.057939017005347926 -0.79089005251685429 1.8291719948610952 -1.0478200012297707 -2.8814069481171094 -1.1739148444628391 -2.5930994097561086 -0.69169473904602774
 -0.38976899324179032 -0.53165535414190246 -0.88899165869687979 -1.1812033494541829 -0.1444915094035949 -0.41252153996023777 15.401656061142978 -2.0364003851452304 0.95182184307542195 -1.2577298063207578 -3.3637156952008569 -0.91701318498764983 0.10643494620549809 -0.50301682838062978 0.071861526745587767 3.123932910921662 -0.46811394907888115 -0.84841121465263303 0.042918866683446577 -1.4188732806058297 0.19150903710246037 0.73636876032106602 -0.38633479357753808 0.56641099635353542 -2.3161743145080225 2.3832759977723694 -4.7065838310735728 -1.6997040279874442 -0.80372621530296118 -0.14430729337645454
 -2.179137640677042 0.86350990095966429 -3.4503369617724879 -2.8108600947560274 1.149318670961736 -0.82387623208137029 -2.0364003851452304 14.075143630844376 -0.75528267517656422 -0.547466065429834 -0.8232055800310264 -2.0069342171280224 0.017759792306865751 0.45674837407997204 1.1003118165824617 -1.4593344839242519 1.0018802341785467 1.2660092962490856 -1.1212747892418611 -2.4959110871883396 0.89458555588862221 -0.42799671182274546 -2.2242498155210573 -0.92005137101509915 3.2466900647469226 -0.85421355089565798 2.7512078833173295 -0.23166860104969261 -0.56513625831812286 0.5045092222988804
 -0.32101704585532953 -1.8943843726972807 -0.69055885525208993 -0.99642175801802357 -1.4333917868175894 -0.33188004254797887 0.95182184307542184 -0.75528267517656422 16.190900206067202 1.4533490140127694 0.17963098909765182 0.53465017861067199 -1.1142285361615427 2.819825455010692 0.21510667361277994 -2.1787482707661963 0.7597490993309387 0.65732533491695655 -0.77042186531553203 -3.0245674933604971 0.93801145025771659 0.41229638273848035 1.0945294235002849 -2.7340110671743605 -1.4251026500306532 -2.5862367452385997 -1.9332837605677375 0.92634212628905088 -1.6182382008170637 -0.98125567678836834
 1.0473724544390615 1.2008014747800186 0.55686335921242514 -0.067917619428655596 -3.0940775474817199 -0.05333445860829622 -1.257729806320758 -0.547466065429834 1.4533490140127694 17.47808080353941 -0.63442393398426411 -1.5083923779604744 -0.48543580385494067 -0.36650398591766864 -1.7514385397679975 -2.2108782022016187 1.2748971950774521 -2.7642457534499933 0.058285847891550779 0.6398571512542095 -0.79614014827606949 1.233631285776793 2.1981922329598618 -2.6768490472240121 2.457356723199279 -0.91589568040534342 -1.3776279053458853 -0.51912332604469102 -1.2524108007622343 -0.081351088811213002
 -1.0465525889135452 -2.386735310585903 0.4655388987378265 -0.85437314084066318 -0.36186262832167065 0.52845301078222184 -3.3637156952008573 -0.82320558003102684 0.17963098909765227 -0.63442393398426389 14.907935118356583 -0.11015651012405547 -2.6964456248699431 -0.54034553999648294 0.80198649277712497 -2.6007839378888811 0.42733736984842402 -0.47470000004824842 0.76556797452673275 1.698972410636312 -0.25911367005330455 -0.48881156319081931 -1.3263083920775216 1.9965196935009841 -1.181983733485962 -0.74436546063230991 0.74929443032368281 -3.8397515670020628 2.0673889313697473 0.66203939314448113
 -0.20311258600345117 0.8511856888532312 0.7186405411370832 -1.613364130059614 -3.7211190649557109 1.6678725860152528 -0.91701318498765028 -2.0069342171280224 0.53465017861067332 -1.5083923779604749 -0.11015651012405558 15.818464273108642 -1.0023205780584974 0.088620381326451558 -0.54831945519380398 0.87026349750295484 -3.1443590116167774 1.6538961419019209 0.31634530436493075 -2.0066434831120681 -1.7561896065756821 -0.068055236498998653 -1.5000540362618131 -2.4987876353615266 -2.311688574747552 -0.53361101363803387 -0.68044741314588886 -0.11884112390517187 2.4596482924608569 -0.46674519556951483
 0.74573085648602877 -1.158131237283216 0.81187172981534173 -1.6288441367443545 -1.8669095402508 -1.393904303498867 0.10643494620549765 0.017759792306865529 -1.1142285361615429 -0.48543580385494112 -2.6964456248699431 -1.0023205780584978 18.046232791580543 -0.50794331044450991 -4.6289861081545371 -1.0833811845234271 0.94888911694271116 -3.0758764249826158 -0.8725376529896024 -0.022131170495951036 0.71179500703045306 -0.92147563982399094 1.7075351675954586 0.60470379495586368 2.2011141673833121 -0.41501055071193094 -1.8261968276761857 -1.5171868447272998 1.2069365496439139 -0.75049022389031794
 -2.3485115979007967 2.124198872534258 0.098679576752151069 -0.58286204316373091 -1.002987663184286 0.40523678043544653 -0.50301682838062989 0.45674837407997204 2.8198254550106925 -0.36650398591766858 -0.54034553999648294 0.088620381326451336 -0.50794331044450991 13.014787084560279 -0.79608279182891328 -1.8568276852891705 -1.4533463914020868 -1.3819762580414985 -0.096631293334410437 0.46633235782778648 0.29262586837734972 1.1258292353098718 -3.4131797770917789 -1.8955284222032311 0.64853154819973746 0.64033832503786947 -0.40276873594289275 0.121602484370295 -5.3719978422873798 0.52184897700590127
 -1.5243455275578688 -1.6984987223388601 -1.606544126067877 -0.51123958136804004 -3.8910227023473287 0.59217090994120503 0.071861526745587767 1.1003118165824612 0.21510667361277952 -1.7514385397679972 0.80198649277712508 -0.54831945519380432 -4.6289861081545371 -0.79608279182891328 14.767971919003484 0.32827615010954286 1.2174606024173946 0.033717104107259921 -1.2850068060830009 1.0210738711091443 -0.30273777655049217 -1.5508178497870559 -0.040716337266774261 0.6015156313118788 0.68102490650650194 1.1784704608649044 -0.55323018679941827 1.2009254268474612 0.84480545188092804 -0.92471283872475063
 -0.72801766754736297 0.86421722674953205 -1.4762445724579849 -1.2856476561310699 -0.14295040565923212 -0.80833930283299149 3.123932910921662 -1.4593344839242524 -2.1787482707661958 -2.21087820220162 -2.6007839378888811 0.87026349750295418 -1.0833811845234274 -1.8568276852891705 0.32827615010954286 16.190040292514283 -0.37516152696902305 -0.55424751871084044 -2.0293288387979578 -1.973837011406153 -1.1109594548269786 -1.56775779365253 2.5250559104084411 -0.98248312278544936 -1.4379894254239201 0.39641111162263121 -0.48824051121298306 -0.43561257696360828 -0.62979665037946853 -0.43731046801619972
 0.02919658322755312 -4.3743454355492579 -0.89646354485121749 1.6061592761453802 -0.65651136509631647 -2.7354441614552862 -0.46811394907888071 1.0018802341785469 0.75974909933093882 1.2748971950774519 0.42733736984842391 -3.1443590116167774 0.94888911694271161 -1.4533463914020863 1.2174606024173946 -0.37516152696902261 15.373121155677882 -2.653391632782784 0.54857300125459152 -0.31286642046967561 1.6191420058810637 -2.0570186167480635 -0.011574105770472409 -2.321016164865505 0.4669718652049713 -2.2540599169165207 0.19702125142940485 1.3568796437898463 0.30027718654246477 -1.8272990529091211
 1.7940423231403131 -3.4969423338057988 -0.22732374672234912 1.4849787951234752 -0.5625566141215399 0.15115187010239034 -0.84841121465263214 1.2660092962490865 0.65732533491695666 -2.7642457534499938 -0.47470000004824842 1.6538961419019209 -3.0758764249826154 -1.3819762580414987 0.033717104107259477 -0.55424751871084099 -2.653391632782784 17.353256438410817 -1.329303776683193 4.8214585334495466 -4.3871459162974684 -0.95464596561654624 -1.3542052422096789 1.1757560530143931 -1.9928023699313151 -0.10786300140170174 1.0542941920387507 0.3027765445481827 -1.277797205675768 -1.1994617531205249
 0.18578502763453422 2.1672036470723621 -0.47291473981583376 -1.5106969779311692 -0.48938090768895248 -0.25177474087318447 0.042918866683446133 -1.1212747892418609 -0.77042186531553214 0.058285847891551223 0.76556797452673242 0.31634530436493052 -0.87253765298960229 -0.096631293334410215 -1.2850068060830009 -2.0293288387979573 0.54857300125459263 -1.329303776683193 17.723712106666394 -1.233544598440965 -2.887196269417319 -1.8864314525570718 -2.4305450638140567 2.3779844972952549 -1.2223713858976444 -0.1720790752350253 -2.2343991669244887 -0.92984492794037221 1.1609803208508256 -3.9959459063225822
 -0.34976660364709167 0.93411571176515296 -1.5560737476584006 1.3347403900172732 -0.49755474699042451 0.1013384582267553 -1.4188732806058297 -2.4959110871883401 -3.0245674933604976 0.63985715125420906 1.6989724106363127 -2.0066434831120681 -0.022131170495951036 0.46633235782778626 1.0210738711091438 -1.973837011406153 -0.31286642046967583 4.8214585334495466 -1.2335445984409645 15.034977680763271 0.7323639861435125 0.61548574829769753 -1.5916719601595648 -1.9444122277127835 -2.0670124532574228 -2.6729136120818735 -0.51119821712507196 -1.3934639125747394 1.1357324909405837 -0.72761629022756225
 -2.6056202593475599 -2.9306248370652885 0.42630797963714895 0.90930832402048223 3.5521421830902877 0.37683515753763003 0.19150903710246059 0.89458555588862199 0.93801145025771659 -0.79614014827607038 -0.25911367005330388 -1.7561896065756821 0.71179500703045306 0.29262586837734927 -0.30273777655049194 -1.1109594548269786 1.6191420058810642 -4.3871459162974684 -2.887196269417319 0.73236398614351339 16.586414539825725 0.57846278101183757 -2.0164091551123073 1.8517793307685184 -2.2580817441953211 -2.2941872761717681 -3.6420635375475992 -2.3081695192485565 1.1560304232781902 -0.87744003651339908
 -1.7936616739275919 -0.864206287435764 -0.80934661389078122 0.51848001241296193 -0.80476148362450517 -2.0628678957271789 0.73636876032106602 -0.42799671182274535 0.4122963827384804 1.2336312857767937 -0.48881156319081881 -0.068055236498998431 -0.92147563982399072 1.1258292353098722 -1.5508178497870566 -1.56775779365253 -2.0570186167480635 -0.95464596561654536 -1.8864314525570718 0.61548574829769753 0.57846278101183823 13.574382685264116 -0.17043894837280429 -0.60199710151228847 0.088871384262932812 1.9930472882532506 0.55833606263188318 0.72717664473979637 -2.3025930759468984 -0.50099822505760994
 1.3071008929020826 0.50887922822781861 -0.92374153822124261 -0.9121097830369862 -2.2164818380791944 -0.05793901700534787 -0.3863347935775383 -2.2242498155210568 1.0945294235002851 2.1981922329598613 -1.3263083920775212 -1.5000540362618136 1.7075351675954584 -3.4131797770917789 -0.040716337266773928 2.5250559104084407 -0.011574105770472853 -1.3542052422096782 -2.4305450638140567 -1.5916719601595646 -2.0164091551123087 -0.17043894837280429 14.451754457844249 1.5718645550592605 0.03301425999265728 0.5038294309991288 0.16658201159359054 -1.9225065483155865 -0.63374552418702657 0.49839817009505372
 -0.3418148289058307 -1.5333998785409468 0.25338981459075205 -3.0985616960072848 -0.76662944247201525 -0.79089005251685385 0.56641099635353576 -0.92005137101509915 -2.73401106717436 -2.6768490472240121 1.9965196935009841 -2.4987876353615266 0.60470379495586357 -1.8955284222032305 0.60151563131187868 -0.9824831227854498 -2.3210161648655041 1.1757560530143927 2.3779844972952553 -1.9444122277127835 1.851779330768518 -0.60199710151228802 1.5718645550592605 16.345713825245191 -1.688280239464381 -0.69323784332830918 -0.048339373459916957 -1.832184347483399 -3.033589042404397 2.2260244473888018
 -2.5981334314884474 -0.69741389983557844 1.5835914669878544 -2.8140779013545063 0.91489432125201886 1.8291719948610952 -2.3161743145080216 3.246690064746923 -1.4251026500306532 2.4573567231992786 -1.1819837334859622 -2.311688574747552 2.2011141673833117 0.64853154819973768 0.68102490650650127 -1.4379894254239201 0.46697186520497136 -1.9928023699313151 -1.2223713858976444 -2.0670124532574228 -2.2580817441953207 0.088871384262932576 0.033014259992657391 -1.6882802394643814 15.592590486391076 0.049172272190068783 -0.83069396380674476 -0.41313932763073702 1.6972840030134924 -1.6381314933682256
 0.61239174172208899 -0.57636274775682772 -1.3378909827998429 -0.39098712074257014 -1.0417113427651437 -1.0478200012297703 2.3832759977723694 -0.85421355089565798 -2.5862367452386006 -0.91589568040534386 -0.74436546063230979 -0.53361101363803298 -0.41501055071193083 0.64033832503786936 1.1784704608649046 0.39641111162263121 -2.2540599169165216 -0.10786300140170174 -0.17207907523502508 -2.6729136120818731 -2.2941872761717685 1.9930472882532511 0.5038294309991288 -0.69323784332830907 0.049172272190068811 16.433718250510193 0.023500528437992607 0.28744233763715216 -0.29930928692971043 -3.3440734815384041
 -2.1610227168488745 -1.0185984374353101 -0.28288794103069509 -1.248716464801271 0.31802624114816014 -2.8814069481171094 -4.7065838310735728 2.751207883317329 -1.933283760567738 -1.3776279053458853 0.74929443032368326 -0.68044741314588886 -1.8261968276761866 -0.40276873594289297 -0.55323018679941827 -0.48824051121298351 0.19702125142940452 1.0542941920387507 -2.2343991669244887 -0.51119821712507196 -3.6420635375475992 0.55833606263188362 0.16658201159359032 -0.048339373459917012 -0.83069396380674432 0.02350052843799294 16.903580960332331 4.529446255958085 0.38964758310951747 0.50708444164572541
 -1.1503632027453248 -1.5483242049979435 1.1745621927012324 0.34881895341409486 -1.3352715763759584 -1.1739148444628396 -1.6997040279874445 -0.23166860104969261 0.92634212628905099 -0.51912332604469147 -3.8397515670020628 -0.11884112390517221 -1.5171868447272998 0.121602484370295 1.2009254268474616 -0.43561257696360867 1.3568796437898458 0.3027765445481827 -0.92984492794037199 -1.3934639125747386 -2.3081695192485561 0.72717664473979671 -1.9225065483155865 -1.832184347483399 -0.41313932763073635 0.2874423376371526 4.5294462559580841 14.953066089307205 -1.801806603383924 -0.94998744987264061
 1.2223012348458411 -1.9376592618616408 -1.0040224422058615 -1.4283428920016976 -0.59927621154349842 -2.5930994097561086 -0.80372621530296107 -0.56513625831812286 -1.6182382008170644 -1.2524108007622343 2.0673889313697473 2.4596482924608569 1.2069365496439139 -5.3719978422873789 0.84480545188092848 -0.62979665037946797 0.30027718654246432 -1.2777972056757683 1.1609803208508256 1.1357324909405837 1.1560304232781902 -2.302593075946898 -0.63374552418702612 -3.0335890424043965 1.6972840030134919 -0.29930928692971032 0.38964758310951703 -1.8018066033839244 14.66133944576147 -0.67319859163172313
 2.4222520879800515 0.55858364778739611 0.14658536387456747 -1.1082874580002364 -1.4542027898708929 -0.69169473904602796 -0.14430729337645432 0.50450922229888051 -0.98125567678836834 -0.081351088811212752 0.66203939314448135 -0.46674519556951538 -0.75049022389031794 0.52184897700590116 -0.92471283872475019 -0.43731046801619927 -1.8272990529091213 -1.1994617531205252 -3.9959459063225817 -0.72761629022756225 -0.87744003651339886 -0.50099822505760994 0.49839817009505372 2.2260244473888009 -1.6381314933682256 -3.3440734815384041 0.50708444164572619 -0.94998744987264072 -0.67319859163172313 14.966202784564301


