30
 -21.39096666727561
 -44.0872793744511
 -11.498733035674908
 -31.25331661599871
 -33.405456443246344
 -28.202740619193339
 -22.106065324177145
 10.092333560626709
 -15.554020090598804
 5.543101347752116
 7.1297993938380113
 -13.977305191912109
 2.7837315819948043
 -14.11869078629843
 27.662088326185753
 -8.7164956110637384
 11.493018316752963
 11.317025753168785
 -13.659859148764578
 13.047018400686413
 -1.3448663105205387
 26.195704316065008
 25.57295501989973
 27.036097370532779
 30.833506193126418
 29.420678019810939
 55.484452110634123
 35.387995050345836
 34.479326500788858
 20.116367954196328


