500 500
0.091265
0.073481
0.435099
0.996043
0.008178
0.186625
0.318315
0.512071
0.090321
0.723643
0.271332
0.874819
0.011217
0.489289
0.690739
0.625390
0.854052
0.572830
0.320199
0.119475
0.459360
0.738917
0.817096
0.684336
0.347702
0.941739
0.346620
0.174060
0.254817
0.061834
0.111744
0.727561
0.386095
0.254948
0.869263
0.034671
0.680523
0.106298
0.024577
0.405035
0.198614
0.991312
0.163332
0.903071
0.828721
0.363706
0.652128
0.906261
0.391657
0.744517
0.535632
0.589543
0.552777
0.713773
0.486475
0.949633
0.465582
0.230324
0.106317
0.047063
0.098298
0.875503
0.502036
0.788649
0.942973
0.154613
0.312354
0.694760
0.439997
0.442484
0.527341
0.611562
0.333062
0.621837
0.975280
0.374417
0.079670
0.824005
0.031684
0.475398
0.145820
0.453263
0.374167
0.323305
0.556557
0.740636
0.157906
0.076821
0.194084
0.930347
0.367560
0.242942
0.554685
0.028935
0.679600
0.561027
0.134345
0.283593
0.162314
0.322676
0.372687
0.802768
0.415511
0.021561
0.578248
0.778959
0.256673
0.393037
0.088847
0.397727
0.926306
0.593866
0.973045
0.569163
0.484358
0.854228
0.955151
0.387638
0.536585
0.980257
0.361107
0.060641
0.781116
0.429138
0.875651
0.638409
0.785620
0.862608
0.109736
0.894023
0.323610
0.451138
0.405247
0.649423
0.247974
0.056666
0.388895
0.226862
0.570985
0.039973
0.482866
0.248592
0.910658
0.027150
0.542971
0.614487
0.669424
0.145342
0.904401
0.016504
0.424445
0.761457
0.190476
0.983350
0.644318
0.208096
0.701705
0.395670
0.567889
0.632757
0.343993
0.977441
0.312869
0.088088
0.917549
0.369645
0.177762
0.155334
0.119420
0.129699
0.162007
0.890923
0.794484
0.476076
0.709412
0.473233
0.356077
0.066821
0.573458
0.886217
0.259501
0.833001
0.386964
0.805501
0.127019
0.270123
0.272996
0.152739
0.447638
0.429853
0.737648
0.210455
0.353761
0.762672
0.432186
0.418227
0.904751
0.128950
0.239563
0.798099
0.869651
0.655608
0.229268
0.210127
0.437162
0.833956
0.543067
0.268535
0.321687
0.824047
0.680095
0.445559
0.493502
0.876561
0.508960
0.099647
0.742881
0.521258
0.563602
0.649055
0.371366
0.175573
0.527422
0.811260
0.475315
0.602981
0.877582
0.740256
0.623049
0.104149
0.291476
0.510621
0.959051
0.006507
0.763265
0.523415
0.138574
0.049063
0.143096
0.515103
0.495631
0.773822
0.166624
0.744297
0.130895
0.921683
0.052241
0.456730
0.464184
0.533944
0.118799
0.362080
0.756348
0.923368
0.271467
0.517856
0.556555
0.140310
0.805756
0.512852
0.733052
0.359023
0.866839
0.796585
0.278990
0.558472
0.387888
0.655162
0.331695
0.043679
0.017002
0.370259
0.853213
0.296736
0.395177
0.595620
0.244124
0.913522
0.770395
0.441986
0.040636
0.447174
0.921011
0.572759
0.680867
0.855868
0.177973
0.271426
0.736697
0.690154
0.377751
0.260103
0.240416
0.732838
0.883732
0.060196
0.175283
0.352891
0.609707
0.349000
0.542087
0.988442
0.430995
0.751246
0.828030
0.299566
0.727174
0.827655
0.733293
0.978401
0.735317
0.541392
0.545969
0.006894
0.819932
0.446250
0.560761
0.082080
0.694560
0.159448
0.274726
0.728371
0.018682
0.969490
0.116518
0.369000
0.986490
0.762436
0.804675
0.688134
0.125224
0.986626
0.569076
0.677741
0.902032
0.786226
0.296203
0.178659
0.070623
0.066860
0.096042
0.038977
0.346252
0.614990
0.570742
0.775534
0.437507
0.381951
0.830867
0.270219
0.896882
0.909658
0.571042
0.507971
0.236467
0.828806
0.010691
0.415040
0.669195
0.507871
0.333153
0.935902
0.045566
0.777243
0.377545
0.609331
0.103908
0.467512
0.607306
0.316615
0.550314
0.176281
0.013203
0.917949
0.621349
0.922335
0.709225
0.725162
0.176090
0.631223
0.549867
0.828063
0.759543
0.328725
0.271058
0.210622
0.790760
0.382377
0.978223
0.486361
0.726145
0.554074
0.266933
0.190161
0.781641
0.996659
0.061939
0.985283
0.120297
0.188331
0.959347
0.212726
0.785855
0.554071
0.895428
0.363650
0.449129
0.056944
0.196960
0.159086
0.068490
0.310109
0.980468
0.951910
0.609399
0.492119
0.539194
0.318854
0.299948
0.089127
0.000000
0.816949
0.370501
0.078548
0.120998
0.546062
0.393379
0.319916
0.151563
0.474611
0.412068
0.329708
0.671576
0.276311
0.521486
0.166899
0.818214
0.797329
0.857741
0.756175
0.113511
0.168227
0.158408
0.880737
0.759970
0.070932
0.322079
0.123300
0.049202
0.965178
0.765049
0.005532
0.115925
0.771977
0.678739
0.952405
0.830390
0.299140
0.608774
0.298768
0.535225
0.540781
0.770340
0.850958
0.063692
0.390230
0.948213
0.412003
0.198623
0.037803
0.712134
0.669612
0.110839
0.531321
0.148629
0.088357
0.199789
0.541158
0.293220
0.789671
0.208252
0.185652
0.575663
0.220603
0.781637
0.651648
0.248614
0.036294
0.290012
0.079066
0.397704
0.122496
0.796562
0.567622
0.055770
0.446693
0.537194
0.420488
0.230002
0.887143
