500
286.000000
362.000000
158.000000
562.000000
514.000000
933.000000
460.000000
923.000000
765.000000
382.000000
272.000000
708.000000
333.000000
858.000000
1000.000000
363.000000
799.000000
14.000000
49.000000
861.000000
536.000000
128.000000
446.000000
30.000000
894.000000
562.000000
696.000000
168.000000
57.000000
256.000000
489.000000
72.000000
199.000000
947.000000
891.000000
164.000000
646.000000
227.000000
988.000000
16.000000
894.000000
173.000000
669.000000
982.000000
624.000000
85.000000
854.000000
135.000000
396.000000
744.000000
425.000000
747.000000
809.000000
473.000000
400.000000
489.000000
151.000000
881.000000
853.000000
224.000000
407.000000
224.000000
172.000000
616.000000
500.000000
512.000000
761.000000
762.000000
161.000000
51.000000
647.000000
243.000000
989.000000
630.000000
355.000000
348.000000
142.000000
50.000000
909.000000
572.000000
514.000000
569.000000
802.000000
616.000000
827.000000
473.000000
305.000000
886.000000
415.000000
288.000000
340.000000
685.000000
413.000000
105.000000
369.000000
767.000000
582.000000
851.000000
243.000000
877.000000
383.000000
623.000000
302.000000
801.000000
782.000000
322.000000
221.000000
587.000000
20.000000
791.000000
495.000000
244.000000
702.000000
801.000000
572.000000
211.000000
826.000000
599.000000
50.000000
729.000000
980.000000
631.000000
226.000000
486.000000
913.000000
971.000000
188.000000
950.000000
1000.000000
978.000000
798.000000
456.000000
593.000000
839.000000
32.000000
787.000000
75.000000
851.000000
688.000000
505.000000
745.000000
637.000000
41.000000
307.000000
170.000000
806.000000
192.000000
204.000000
319.000000
919.000000
785.000000
267.000000
804.000000
97.000000
813.000000
803.000000
514.000000
905.000000
284.000000
574.000000
824.000000
170.000000
739.000000
706.000000
401.000000
210.000000
329.000000
804.000000
299.000000
572.000000
340.000000
347.000000
603.000000
119.000000
438.000000
727.000000
492.000000
412.000000
12.000000
872.000000
734.000000
248.000000
129.000000
37.000000
764.000000
513.000000
976.000000
154.000000
165.000000
943.000000
814.000000
327.000000
354.000000
167.000000
762.000000
565.000000
653.000000
506.000000
101.000000
717.000000
207.000000
299.000000
570.000000
591.000000
39.000000
875.000000
155.000000
661.000000
966.000000
704.000000
324.000000
807.000000
850.000000
890.000000
256.000000
521.000000
668.000000
370.000000
729.000000
430.000000
43.000000
858.000000
519.000000
63.000000
225.000000
1.000000
244.000000
177.000000
774.000000
954.000000
291.000000
158.000000
176.000000
547.000000
100.000000
122.000000
925.000000
306.000000
134.000000
608.000000
869.000000
43.000000
176.000000
202.000000
897.000000
865.000000
919.000000
404.000000
951.000000
342.000000
825.000000
913.000000
23.000000
851.000000
794.000000
44.000000
71.000000
417.000000
423.000000
147.000000
815.000000
140.000000
703.000000
630.000000
211.000000
258.000000
711.000000
721.000000
89.000000
100.000000
264.000000
451.000000
4.000000
662.000000
328.000000
207.000000
533.000000
14.000000
129.000000
262.000000
841.000000
986.000000
95.000000
265.000000
260.000000
117.000000
838.000000
127.000000
539.000000
5.000000
233.000000
634.000000
286.000000
448.000000
918.000000
25.000000
418.000000
111.000000
812.000000
407.000000
706.000000
843.000000
72.000000
87.000000
189.000000
931.000000
291.000000
486.000000
571.000000
834.000000
537.000000
38.000000
725.000000
660.000000
14.000000
340.000000
613.000000
716.000000
869.000000
94.000000
811.000000
666.000000
109.000000
429.000000
275.000000
747.000000
559.000000
417.000000
995.000000
308.000000
81.000000
169.000000
526.000000
612.000000
252.000000
949.000000
177.000000
175.000000
245.000000
162.000000
987.000000
441.000000
224.000000
955.000000
301.000000
752.000000
582.000000
891.000000
237.000000
657.000000
758.000000
618.000000
577.000000
821.000000
553.000000
666.000000
815.000000
919.000000
875.000000
637.000000
295.000000
368.000000
611.000000
808.000000
521.000000
408.000000
807.000000
539.000000
772.000000
989.000000
338.000000
943.000000
573.000000
766.000000
821.000000
985.000000
199.000000
429.000000
458.000000
250.000000
291.000000
49.000000
89.000000
858.000000
603.000000
683.000000
894.000000
125.000000
718.000000
797.000000
100.000000
660.000000
47.000000
698.000000
405.000000
548.000000
491.000000
269.000000
355.000000
386.000000
21.000000
654.000000
858.000000
993.000000
669.000000
485.000000
54.000000
264.000000
408.000000
693.000000
675.000000
597.000000
121.000000
990.000000
82.000000
746.000000
300.000000
161.000000
340.000000
401.000000
78.000000
237.000000
78.000000
920.000000
591.000000
568.000000
402.000000
322.000000
429.000000
117.000000
58.000000
806.000000
100.000000
278.000000
908.000000
667.000000
783.000000
380.000000
28.000000
816.000000
505.000000
298.000000
314.000000
276.000000
148.000000
271.000000
73.000000
990.000000
157.000000
694.000000
382.000000
2.000000
110.000000
570.000000
113.000000
791.000000
800.000000
63.000000
140.000000
396.000000
458.000000
104.000000
885.000000
95.000000
901.000000
830.000000
531.000000
33.000000
205.000000
305.000000
460.000000
991.000000
776.000000
495.000000
798.000000
465.000000
269.000000
876.000000
574.000000
366.000000
898.000000
668.000000
307.000000
102.000000
454.000000
413.000000
872.000000
509.000000
600.000000
963.000000
548.000000
391.000000
740.000000
872.000000
706.000000
179.000000
897.000000
246.000000
453.000000
682.000000
