100 100
0.682798 
0.215794 0.231611 
0.371909 0.632158 0.341399 
0.828450 0.342716 0.657560 0.638836 
0.362940 0.718352 0.171889 0.081422 0.006398 
0.991933 0.608448 0.316331 0.852500 0.911743 0.579833 
0.023908 0.256683 0.766843 0.592577 0.939482 0.691437 0.808370 
0.001201 0.180279 0.803251 0.342600 0.377558 0.631701 0.685316 0.035119 
0.071117 0.398059 0.988888 0.243006 0.479480 0.995286 0.522557 0.471413 0.603734 
0.323913 0.515478 0.418720 0.365240 0.539385 0.675404 0.132082 0.131962 0.614885 0.823519 
0.785977 0.824719 0.120612 0.589228 0.167320 0.498170 0.220929 0.852636 0.533289 0.491465 0.923753 
0.480354 0.166759 0.410828 0.475640 0.689316 0.882241 0.079374 0.528203 0.206154 0.594851 0.946923 0.571393 
0.622327 0.703476 0.266199 0.237212 0.526994 0.206532 0.023189 0.351714 0.327144 0.612417 0.519034 0.825314 0.833346 
0.358603 0.324811 0.295422 0.289951 0.805164 0.462181 0.700779 0.280804 0.151496 0.583021 0.360177 0.679699 0.789175 0.955028 
0.360568 0.089265 0.248950 0.064044 0.355464 0.486162 0.591038 0.561996 0.509351 0.942752 0.889139 0.121768 0.461786 0.714453 0.955113 
0.073057 0.279924 0.128877 0.363008 0.085088 0.591058 0.063787 0.365892 0.742554 0.646808 0.726069 0.422253 0.435983 0.681098 0.048876 0.796551 
0.297825 0.860595 0.125827 0.783987 0.451633 0.687822 0.293338 0.394386 0.576961 0.415105 0.856171 0.291414 0.370219 0.689627 0.364471 0.650143 0.818503 
0.735231 0.409561 0.791266 0.101123 0.152115 0.438074 0.827192 0.574368 0.874057 0.508290 0.623244 0.670608 0.278653 0.921069 0.531203 0.404479 0.705056 0.982836 
0.998394 0.377221 0.669263 0.413499 0.233393 0.960677 0.783718 0.923019 0.325148 0.433861 0.741523 0.052627 0.169092 0.151084 0.843893 0.270215 0.303199 0.281967 0.097407 
0.156024 0.605697 0.500811 0.826632 0.884350 0.421880 0.357834 0.288830 0.126936 0.340670 0.381131 0.125330 0.717891 0.050394 0.538830 0.951284 0.011071 0.322548 0.874304 0.336220 
0.615827 0.388847 0.925501 0.766910 0.232740 0.195716 0.070109 0.514707 0.293123 0.947675 0.670731 0.898820 0.448486 0.497363 0.783171 0.870366 0.855197 0.072000 0.997303 0.195867 0.453132 
0.913759 0.503526 0.661463 0.865043 0.514597 0.984011 0.739347 0.850817 0.740420 0.355173 0.239664 0.665921 0.122084 0.472404 0.861637 0.192192 0.987111 0.154759 0.139868 0.657842 0.053580 0.588354 
0.836750 0.458720 0.010402 0.908751 0.456023 0.206269 0.361882 0.578656 0.120027 0.865408 0.240119 0.985071 0.380005 0.224130 0.724417 0.230822 0.964550 0.079591 0.470486 0.630471 0.201674 0.942889 0.492107 
0.930000 0.646867 0.533735 0.587841 0.700446 0.122088 0.743046 0.537197 0.580809 0.753448 0.445947 0.036831 0.959716 0.807830 0.615487 0.079744 0.673238 0.855606 0.064814 0.053243 0.079736 0.789232 0.284065 0.044285 
0.754551 0.674756 0.070497 0.697440 0.166864 0.464364 0.627440 0.813730 0.998098 0.215281 0.514177 0.120187 0.958327 0.051374 0.700995 0.711774 0.497321 0.737826 0.671491 0.305151 0.353313 0.751234 0.978389 0.208919 0.816049 
0.288654 0.605280 0.315697 0.332940 0.474103 0.070248 0.007696 0.544600 0.767688 0.174560 0.008963 0.395127 0.988290 0.007062 0.610408 0.502467 0.127248 0.568735 0.553840 0.828243 0.280509 0.051161 0.566070 0.952000 0.356312 0.919383 
0.334701 0.128302 0.519283 0.366333 0.416956 0.124564 0.682030 0.749896 0.598667 0.752277 0.757592 0.143266 0.519965 0.932152 0.152230 0.915092 0.920442 0.159291 0.525500 0.422909 0.286540 0.094235 0.976749 0.114783 0.374744 0.027911 0.680853 
0.384223 0.600236 0.029979 0.718924 0.728538 0.549262 0.085256 0.145494 0.673826 0.767286 0.895390 0.272492 0.519563 0.652983 0.415759 0.039528 0.585135 0.567989 0.954620 0.505577 0.727280 0.480120 0.928486 0.013820 0.574355 0.905235 0.128603 0.949099 
0.809455 0.275843 0.317369 0.409691 0.305822 0.036293 0.138229 0.855084 0.121549 0.283723 0.528909 0.888835 0.179113 0.801401 0.408398 0.832096 0.217160 0.447926 0.417230 0.785149 0.402546 0.922807 0.512429 0.882666 0.851293 0.526248 0.457021 0.756529 0.654851 
0.689675 0.464306 0.681963 0.007044 0.873997 0.987784 0.043336 0.012226 0.842868 0.164885 0.295949 0.371777 0.053720 0.475062 0.173178 0.462118 0.307158 0.390338 0.910044 0.724388 0.175487 0.312590 0.647195 0.687915 0.195256 0.498488 0.214164 0.652276 0.255017 0.869014 
0.944692 0.333320 0.740358 0.951736 0.207317 0.728143 0.995072 0.219544 0.571010 0.159958 0.515492 0.942787 0.213678 0.990554 0.115966 0.675795 0.297712 0.506304 0.585839 0.022100 0.681791 0.898429 0.669295 0.369706 0.093685 0.167783 0.583870 0.745961 0.422800 0.452884 0.804357 
0.786204 0.544716 0.319228 0.993522 0.272858 0.314300 0.213065 0.843869 0.474258 0.728558 0.786656 0.687936 0.719112 0.902621 0.363731 0.016824 0.408925 0.949570 0.038924 0.090716 0.848000 0.708219 0.460423 0.941684 0.876002 0.044292 0.687646 0.298802 0.497176 0.492003 0.666294 0.283381 
0.985522 0.276903 0.309577 0.299823 0.489968 0.153445 0.774081 0.218526 0.940101 0.462017 0.937638 0.842722 0.825748 0.954462 0.251648 0.775318 0.993386 0.342364 0.623318 0.701605 0.802787 0.565002 0.577607 0.847079 0.252648 0.876409 0.344255 0.744651 0.542704 0.627636 0.781369 0.528226 0.904539 
0.828049 0.394507 0.244391 0.602130 0.613032 0.184492 0.064147 0.550671 0.027214 0.889895 0.505133 0.278862 0.665213 0.498519 0.621226 0.288531 0.200124 0.424013 0.853533 0.777732 0.271092 0.106181 0.654141 0.615347 0.850831 0.196845 0.242983 0.632200 0.725071 0.147522 0.723146 0.553120 0.542029 0.967537 
0.155061 0.152029 0.219397 0.705732 0.179243 0.109292 0.210865 0.458105 0.774505 0.709384 0.079331 0.063036 0.909508 0.503344 0.916569 0.687240 0.774436 0.022749 0.341381 0.389783 0.873581 0.538226 0.632766 0.505781 0.263297 0.780288 0.228927 0.816417 0.322316 0.196464 0.971668 0.477378 0.348493 0.191065 0.183109 
0.300357 0.393974 0.985842 0.074862 0.103357 0.065173 0.137897 0.012866 0.568517 0.054466 0.700105 0.342953 0.077215 0.041486 0.732736 0.950796 0.579712 0.365502 0.456577 0.843009 0.145789 0.685505 0.659426 0.468106 0.881969 0.631093 0.945483 0.230462 0.822158 0.128593 0.758198 0.122515 0.522566 0.744040 0.197377 0.625924 
0.335275 0.638789 0.377730 0.389740 0.338895 0.720683 0.466956 0.380381 0.453419 0.417752 0.960093 0.818920 0.874329 0.803101 0.964710 0.559834 0.462527 0.432816 0.441803 0.093621 0.378299 0.672265 0.915779 0.506892 0.430463 0.038294 0.029458 0.174502 0.235671 0.655381 0.983715 0.570946 0.294171 0.361445 0.960686 0.633065 0.082128 
0.013446 0.535547 0.845393 0.973539 0.354467 0.719722 0.776640 0.319176 0.279556 0.239168 0.751992 0.721359 0.332788 0.130291 0.393623 0.248567 0.637183 0.824086 0.286861 0.666640 0.998588 0.522532 0.322022 0.982303 0.093478 0.616192 0.343748 0.054164 0.249258 0.425876 0.481806 0.262704 0.961423 0.327199 0.236243 0.315890 0.046922 0.012883 
0.326478 0.252051 0.387058 0.047836 0.584839 0.517349 0.441459 0.833406 0.154532 0.265545 0.120267 0.821172 0.264133 0.642799 0.143194 0.246437 0.736277 0.759386 0.590185 0.790441 0.008644 0.016062 0.272247 0.271348 0.977485 0.599446 0.507591 0.293374 0.646368 0.520474 0.928441 0.972845 0.772525 0.315499 0.020682 0.357364 0.832848 0.462141 0.190770 
0.727686 0.311037 0.808552 0.991820 0.953837 0.951746 0.238257 0.690114 0.711132 0.828442 0.480555 0.719776 0.844503 0.752802 0.991124 0.821988 0.352248 0.498715 0.115362 0.998616 0.019189 0.043803 0.971461 0.791714 0.359302 0.992143 0.149078 0.192150 0.454284 0.339848 0.179529 0.181970 0.650886 0.988081 0.173790 0.604722 0.939828 0.412047 0.294837 0.650960 
0.775392 0.370736 0.084992 0.528194 0.361861 0.906980 0.880442 0.860576 0.022342 0.879058 0.879765 0.066145 0.850520 0.671479 0.425447 0.842663 0.820557 0.617597 0.296947 0.160406 0.797126 0.478917 0.811291 0.785208 0.652707 0.416014 0.725035 0.064754 0.710850 0.375995 0.305242 0.486242 0.746732 0.390234 0.014436 0.108592 0.297214 0.894879 0.969168 0.319556 0.773937 
0.385702 0.624457 0.520413 0.811149 0.467120 0.340970 0.428745 0.764066 0.501376 0.225872 0.242983 0.312667 0.011079 0.895690 0.728681 0.736115 0.960444 0.439531 0.112110 0.265686 0.925774 0.858841 0.655920 0.940210 0.967434 0.953133 0.835089 0.936602 0.272690 0.609026 0.785536 0.658391 0.233483 0.305949 0.469540 0.700602 0.646919 0.898286 0.464669 0.148294 0.124157 0.707652 
0.135237 0.603342 0.189642 0.871351 0.563785 0.629174 0.983461 0.829471 0.554947 0.842302 0.485390 0.495157 0.809736 0.438524 0.330246 0.746338 0.711213 0.939272 0.531874 0.369605 0.172755 0.837823 0.839145 0.873357 0.484741 0.737431 0.338025 0.633036 0.861588 0.045677 0.093997 0.996825 0.649019 0.283640 0.868176 0.212804 0.912813 0.851637 0.042274 0.467761 0.693939 0.527665 0.962918 
0.966188 0.293164 0.250013 0.677402 0.232436 0.781888 0.047007 0.405190 0.619710 0.886152 0.278547 0.104452 0.623582 0.616573 0.737488 0.485170 0.662250 0.831485 0.481995 0.311268 0.115124 0.350170 0.524072 0.027938 0.201807 0.566346 0.495698 0.895746 0.094011 0.458616 0.399421 0.060199 0.751780 0.649434 0.737601 0.984216 0.431322 0.784608 0.389406 0.051032 0.670759 0.667953 0.155484 0.294342 
0.892971 0.779512 0.946776 0.724456 0.261506 0.258044 0.839581 0.611677 0.782116 0.867518 0.813484 0.348462 0.363217 0.709229 0.442474 0.821833 0.108650 0.502673 0.573614 0.758084 0.240274 0.557829 0.189406 0.024882 0.947236 0.240438 0.695641 0.615189 0.395921 0.989983 0.899715 0.288893 0.769494 0.846491 0.013349 0.031001 0.104535 0.852929 0.642677 0.886651 0.720448 0.456161 0.235113 0.083665 0.165391 
0.905498 0.274041 0.180260 0.479112 0.032125 0.420534 0.036941 0.221530 0.445415 0.984177 0.461968 0.141056 0.599366 0.857889 0.131039 0.499081 0.146782 0.900533 0.345571 0.160131 0.931534 0.450106 0.013060 0.574211 0.336757 0.733508 0.030372 0.571870 0.817173 0.195763 0.249457 0.722671 0.469803 0.429717 0.201782 0.501928 0.850250 0.238723 0.723458 0.295666 0.222900 0.185426 0.436722 0.822266 0.043315 0.567761 
0.190096 0.468294 0.666918 0.350227 0.399828 0.117024 0.363287 0.974039 0.453781 0.096795 0.004411 0.025651 0.913967 0.200174 0.275108 0.636638 0.669978 0.704825 0.838420 0.171905 0.555075 0.077144 0.895363 0.850741 0.300044 0.080789 0.287463 0.122310 0.124104 0.855224 0.443656 0.314200 0.323518 0.110574 0.664426 0.723345 0.227597 0.027713 0.697384 0.681378 0.124507 0.701796 0.707029 0.038475 0.901970 0.982137 0.675113 
0.686962 0.513533 0.743853 0.242037 0.590677 0.639216 0.092778 0.890720 0.720005 0.380241 0.013030 0.844109 0.235465 0.456686 0.158308 0.558983 0.567260 0.822735 0.282328 0.794857 0.850448 0.979713 0.476236 0.974955 0.681508 0.183265 0.013430 0.583478 0.165402 0.688542 0.155426 0.852364 0.202075 0.899279 0.094401 0.792752 0.538495 0.187179 0.683472 0.258500 0.567420 0.696502 0.102609 0.802885 0.153188 0.260918 0.361868 0.720448 
0.644196 0.515306 0.934100 0.623909 0.991541 0.909055 0.305417 0.174806 0.922485 0.888895 0.340208 0.611027 0.044321 0.192572 0.813102 0.943599 0.286973 0.605854 0.482094 0.474152 0.289326 0.740595 0.041572 0.985829 0.843204 0.844457 0.139017 0.104121 0.206325 0.859465 0.187774 0.850521 0.374771 0.121874 0.474429 0.366312 0.030929 0.779846 0.541118 0.953414 0.668741 0.881326 0.564441 0.713062 0.073897 0.377544 0.656661 0.360870 0.983398 
0.835022 0.272724 0.879350 0.876594 0.258553 0.722554 0.721051 0.397570 0.826675 0.927376 0.257036 0.014449 0.777897 0.631807 0.136323 0.252326 0.998119 0.167252 0.032173 0.539237 0.120666 0.700914 0.420562 0.685107 0.413976 0.494459 0.062651 0.070637 0.855329 0.046048 0.209393 0.690351 0.318772 0.088743 0.566944 0.577325 0.811297 0.287995 0.974895 0.637972 0.215371 0.231931 0.652422 0.993268 0.863737 0.788745 0.245594 0.861856 0.955997 0.277766 
0.076662 0.978680 0.821655 0.761769 0.392656 0.316114 0.824420 0.463293 0.171443 0.870468 0.672686 0.861794 0.189240 0.761429 0.428738 0.766566 0.572726 0.716733 0.741461 0.210699 0.932104 0.973392 0.863120 0.925371 0.837129 0.651865 0.170965 0.698985 0.607861 0.448731 0.100077 0.684524 0.427412 0.921732 0.446293 0.820068 0.237846 0.270713 0.283361 0.409290 0.141181 0.956048 0.271083 0.330422 0.717477 0.699821 0.096987 0.290203 0.416554 0.838448 0.500902 
0.811840 0.364022 0.274029 0.648969 0.015887 0.444994 0.347953 0.623748 0.893726 0.448031 0.308272 0.321137 0.369763 0.754565 0.141205 0.607609 0.025278 0.424567 0.016899 0.166459 0.380614 0.287982 0.496881 0.098091 0.987804 0.593869 0.388294 0.404358 0.432317 0.889196 0.753016 0.244157 0.253218 0.027045 0.893125 0.269105 0.472039 0.241079 0.892853 0.365765 0.689109 0.201124 0.686902 0.058872 0.955689 0.828108 0.666481 0.980967 0.252674 0.683380 0.147427 0.633288 
0.644308 0.731379 0.959166 0.238177 0.119674 0.363524 0.670494 0.008869 0.116540 0.914650 0.262087 0.143585 0.807776 0.531192 0.615624 0.048854 0.424044 0.981390 0.737964 0.625169 0.668292 0.796836 0.580858 0.496400 0.463318 0.561825 0.749074 0.146698 0.709252 0.382362 0.118060 0.353560 0.113742 0.077226 0.591737 0.233415 0.440750 0.262230 0.242285 0.557290 0.176880 0.504372 0.700875 0.984656 0.035564 0.316499 0.033510 0.459608 0.297889 0.771474 0.084777 0.966181 0.568311 
0.462580 0.031628 0.227460 0.211654 0.178326 0.936712 0.594017 0.296387 0.290272 0.707759 0.373613 0.882008 0.941174 0.814363 0.144239 0.183459 0.371653 0.321119 0.687831 0.072528 0.305775 0.723395 0.389027 0.339285 0.183003 0.686916 0.110760 0.267780 0.653097 0.679070 0.933415 0.115677 0.710699 0.160875 0.327331 0.889025 0.097587 0.921348 0.185412 0.387859 0.629107 0.559024 0.269867 0.570281 0.373387 0.414106 0.753740 0.745040 0.735225 0.441571 0.817567 0.041000 0.164966 0.206594 
0.347969 0.893510 0.491045 0.615750 0.546607 0.170115 0.549165 0.662284 0.880814 0.710040 0.989615 0.769839 0.807627 0.910964 0.955251 0.195486 0.540070 0.514275 0.465354 0.110351 0.887662 0.879460 0.864090 0.632702 0.614684 0.305661 0.450269 0.655684 0.470627 0.656863 0.035970 0.818597 0.550374 0.527015 0.434346 0.096981 0.697130 0.983511 0.759265 0.577944 0.693552 0.748880 0.347783 0.501179 0.659844 0.303034 0.696665 0.199914 0.817309 0.162019 0.310265 0.704971 0.041478 0.174355 0.337673 
0.480016 0.787942 0.311847 0.950644 0.444805 0.347816 0.769240 0.995179 0.874831 0.203586 0.092160 0.571961 0.187098 0.851424 0.149905 0.880649 0.600304 0.497689 0.381828 0.260148 0.800723 0.078493 0.460062 0.618032 0.240512 0.770326 0.323003 0.281990 0.944682 0.660676 0.938153 0.424698 0.448618 0.250000 0.375342 0.893423 0.597816 0.144582 0.888602 0.472647 0.348168 0.980762 0.044608 0.535266 0.832186 0.194513 0.415915 0.432491 0.692202 0.797744 0.692639 0.492925 0.876237 0.152700 0.110958 0.116749 
0.433961 0.398740 0.867708 0.094637 0.336892 0.292406 0.543255 0.586892 0.667748 0.436678 0.184708 0.812329 0.325280 0.657355 0.160498 0.306043 0.701963 0.695764 0.138229 0.896476 0.111679 0.570719 0.588679 0.909423 0.263358 0.081604 0.785660 0.416058 0.192562 0.902409 0.339085 0.626522 0.301149 0.206793 0.721159 0.638041 0.499199 0.264414 0.224933 0.166947 0.701092 0.409642 0.979276 0.026373 0.066996 0.139774 0.332415 0.768959 0.835537 0.470644 0.665436 0.947216 0.041363 0.254115 0.856639 0.304721 0.335719 
0.720779 0.528280 0.544709 0.059864 0.154803 0.845858 0.266657 0.875962 0.483899 0.765856 0.140376 0.708832 0.932803 0.841469 0.118474 0.912079 0.867841 0.185470 0.051852 0.200257 0.954430 0.887389 0.670901 0.619866 0.834606 0.712264 0.873980 0.691245 0.016986 0.209699 0.333544 0.737765 0.737980 0.878253 0.797629 0.892782 0.724110 0.064286 0.768745 0.208009 0.830142 0.909121 0.916841 0.762945 0.750590 0.035315 0.675023 0.618431 0.220786 0.726876 0.818687 0.175215 0.614265 0.489588 0.795081 0.448871 0.201852 0.669061 
0.218838 0.878761 0.473660 0.956603 0.616740 0.351912 0.754232 0.509523 0.076023 0.818518 0.278267 0.284032 0.648661 0.187388 0.200873 0.411606 0.937978 0.236188 0.086629 0.556409 0.456974 0.813505 0.375096 0.632189 0.427770 0.864684 0.427271 0.876640 0.066536 0.096332 0.016756 0.285374 0.975093 0.490416 0.241977 0.591833 0.842328 0.996209 0.101355 0.918351 0.814728 0.379623 0.202382 0.463389 0.567011 0.403256 0.874994 0.504988 0.639444 0.961623 0.061397 0.096418 0.775128 0.436493 0.728607 0.202897 0.301177 0.155878 0.079538 
0.252210 0.096294 0.653088 0.227302 0.586710 0.895065 0.819135 0.429038 0.891275 0.920491 0.347388 0.706003 0.300113 0.549771 0.169391 0.867124 0.953026 0.044385 0.372112 0.592470 0.006008 0.433509 0.688888 0.781136 0.870002 0.417496 0.984034 0.171179 0.573373 0.063571 0.538893 0.825583 0.159865 0.191981 0.052886 0.746575 0.087046 0.872021 0.175613 0.978321 0.792512 0.523001 0.684323 0.092625 0.072772 0.853714 0.959749 0.025798 0.898100 0.331862 0.618268 0.904108 0.765371 0.307156 0.685244 0.635373 0.724652 0.669277 0.806553 0.298025 
0.345446 0.123609 0.892714 0.537426 0.176494 0.639289 0.624472 0.048515 0.814902 0.602793 0.841027 0.337903 0.287116 0.933652 0.410675 0.140831 0.893401 0.436473 0.038930 0.225263 0.054741 0.943038 0.990634 0.361897 0.628282 0.626007 0.086549 0.297560 0.432560 0.384574 0.030409 0.778005 0.508183 0.923123 0.315431 0.684677 0.562412 0.939904 0.733193 0.377315 0.542697 0.574220 0.715218 0.829813 0.507872 0.125893 0.970644 0.401274 0.562365 0.009574 0.626537 0.617106 0.952612 0.617170 0.979003 0.580894 0.243177 0.065552 0.878454 0.675737 0.450127 
0.453742 0.958310 0.831985 0.769173 0.642987 0.394398 0.709077 0.376180 0.771713 0.251774 0.950400 0.486930 0.081587 0.458272 0.612823 0.052231 0.859546 0.175188 0.061805 0.486082 0.792295 0.014418 0.103252 0.771298 0.595312 0.346430 0.836850 0.473766 0.022166 0.286977 0.382629 0.475908 0.245287 0.214614 0.245081 0.888274 0.609012 0.954158 0.264453 0.380725 0.205932 0.214853 0.867655 0.287519 0.673125 0.480478 0.339750 0.532670 0.655666 0.401556 0.018753 0.447961 0.415974 0.122005 0.219259 0.011286 0.468434 0.056110 0.485052 0.490601 0.343087 0.867681 
0.588374 0.082295 0.211590 0.476647 0.691307 0.165748 0.741100 0.072032 0.371680 0.955953 0.939687 0.659199 0.629078 0.420165 0.998949 0.161749 0.075832 0.400505 0.180501 0.523793 0.816479 0.302506 0.743052 0.827765 0.770941 0.799161 0.312817 0.261541 0.142248 0.180498 0.228050 0.730622 0.262793 0.439639 0.207269 0.954101 0.605387 0.948369 0.026133 0.977066 0.904323 0.965820 0.636265 0.533401 0.385985 0.635215 0.695150 0.461817 0.035720 0.875651 0.985610 0.852199 0.178158 0.728662 0.679963 0.949098 0.527823 0.992781 0.210639 0.670071 0.173279 0.438689 0.400693 
0.878328 0.607962 0.390172 0.483715 0.556331 0.416305 0.460782 0.460654 0.382125 0.097047 0.994055 0.768110 0.732262 0.689205 0.229927 0.767981 0.564856 0.215537 0.620180 0.743014 0.944198 0.300143 0.692112 0.472022 0.292924 0.902752 0.142093 0.466203 0.341441 0.542786 0.902274 0.219769 0.150747 0.292447 0.703485 0.707078 0.708752 0.164266 0.167732 0.090877 0.261313 0.161787 0.858987 0.993575 0.850993 0.088914 0.761556 0.415849 0.304451 0.381736 0.158863 0.248650 0.681880 0.850975 0.720671 0.974803 0.753726 0.862764 0.441006 0.095167 0.405550 0.343280 0.314936 0.556297 
0.018421 0.263375 0.344479 0.182687 0.431108 0.435356 0.444001 0.592895 0.294343 0.437576 0.443888 0.383258 0.199132 0.859737 0.687709 0.580868 0.018600 0.936359 0.262748 0.869575 0.657030 0.237552 0.623301 0.519794 0.678557 0.718468 0.925344 0.021838 0.033404 0.481641 0.657565 0.051825 0.745016 0.002044 0.234513 0.176124 0.437400 0.678513 0.769019 0.731743 0.116089 0.212907 0.115001 0.315221 0.072644 0.802710 0.896090 0.091244 0.739069 0.158838 0.960818 0.396099 0.396389 0.584119 0.915893 0.074947 0.302587 0.841237 0.096785 0.335992 0.322878 0.754350 0.387817 0.067894 0.756394 
0.244018 0.193794 0.300843 0.013037 0.925537 0.416932 0.225944 0.040539 0.732153 0.298588 0.843249 0.628243 0.389832 0.582318 0.787081 0.350650 0.978417 0.183470 0.934769 0.894310 0.258417 0.237356 0.735547 0.355202 0.573348 0.058425 0.109552 0.961165 0.126319 0.865945 0.583495 0.370336 0.059739 0.884337 0.383373 0.985276 0.301269 0.609318 0.025815 0.033423 0.907906 0.869064 0.661666 0.297738 0.451382 0.448747 0.648388 0.429799 0.632217 0.583157 0.324109 0.890635 0.820513 0.059656 0.245837 0.393861 0.118081 0.355389 0.355026 0.244400 0.221334 0.938521 0.614736 0.281073 0.822858 0.998109 
0.124128 0.607427 0.292165 0.157550 0.515333 0.161228 0.819216 0.813071 0.612610 0.267963 0.461458 0.042409 0.900180 0.044615 0.366518 0.790815 0.865129 0.426175 0.036652 0.258990 0.544256 0.392040 0.614017 0.788656 0.613374 0.552538 0.403392 0.894448 0.375396 0.401501 0.160797 0.499524 0.008928 0.452962 0.657074 0.524260 0.614190 0.476290 0.337331 0.226800 0.744253 0.798789 0.269209 0.644433 0.843405 0.635728 0.435248 0.708533 0.061902 0.471900 0.967523 0.606158 0.863941 0.581540 0.394814 0.477315 0.134078 0.798205 0.371763 0.509474 0.199706 0.532560 0.008997 0.208634 0.985522 0.666071 0.732894 
0.142362 0.070225 0.826512 0.886615 0.869015 0.095722 0.531048 0.712419 0.731450 0.966296 0.420952 0.793352 0.438197 0.388476 0.399510 0.302137 0.970016 0.794324 0.779452 0.104093 0.592530 0.151215 0.613567 0.792236 0.683775 0.622564 0.000870 0.669296 0.288636 0.733764 0.269008 0.430997 0.803990 0.095521 0.317612 0.673004 0.191243 0.848660 0.385423 0.922693 0.814956 0.806376 0.716045 0.253153 0.194851 0.115555 0.555290 0.164867 0.909879 0.334742 0.268961 0.502408 0.485957 0.882528 0.294644 0.169732 0.505092 0.295514 0.839028 0.793728 0.029278 0.108036 0.224725 0.833268 0.203557 0.542337 0.506272 0.394800 
0.891695 0.317492 0.205953 0.698071 0.033537 0.459107 0.892922 0.149092 0.014397 0.057789 0.058971 0.349139 0.326750 0.561379 0.835096 0.209277 0.856023 0.004828 0.714369 0.151537 0.843856 0.508097 0.180816 0.951892 0.732822 0.014083 0.155449 0.275159 0.520355 0.550249 0.666156 0.412050 0.867742 0.872109 0.110121 0.901279 0.331216 0.003043 0.050370 0.345612 0.060832 0.109341 0.694752 0.387582 0.670720 0.529848 0.596859 0.526743 0.534675 0.311228 0.678280 0.378531 0.819325 0.859095 0.330423 0.552147 0.873179 0.485872 0.827305 0.393534 0.036121 0.493461 0.805585 0.903863 0.365571 0.915706 0.805141 0.696786 0.918749 
0.042399 0.979581 0.964852 0.737150 0.367163 0.635572 0.266998 0.964022 0.162315 0.801673 0.275250 0.840595 0.180204 0.094575 0.699690 0.510627 0.646722 0.572869 0.996499 0.474027 0.966404 0.032621 0.967489 0.771988 0.936483 0.333059 0.687694 0.741625 0.029845 0.606443 0.597136 0.072244 0.586025 0.561989 0.809394 0.953188 0.197561 0.076392 0.917210 0.359876 0.878066 0.192460 0.200471 0.058270 0.287035 0.900161 0.568897 0.933757 0.473030 0.565397 0.407784 0.439434 0.598017 0.375273 0.211422 0.534501 0.708332 0.899117 0.276126 0.738177 0.505560 0.873262 0.810421 0.091585 0.435251 0.619816 0.044772 0.632812 0.696208 0.961982 
0.574274 0.154442 0.193158 0.632544 0.441477 0.093319 0.201441 0.375234 0.566349 0.766837 0.783018 0.005783 0.364854 0.158291 0.217206 0.899355 0.866623 0.116323 0.175481 0.604800 0.621883 0.048743 0.415222 0.713468 0.483993 0.035037 0.758240 0.116805 0.731246 0.720222 0.109492 0.305519 0.874664 0.302650 0.938063 0.316141 0.395970 0.139504 0.691376 0.962319 0.906341 0.474394 0.968102 0.271195 0.632685 0.185308 0.170551 0.499308 0.301631 0.346031 0.104108 0.923514 0.394774 0.519330 0.636981 0.878767 0.554367 0.395221 0.995572 0.285613 0.115444 0.105064 0.591132 0.990108 0.407715 0.529196 0.306250 0.803684 0.668699 0.997625 0.766003 
0.472019 0.734106 0.846236 0.104704 0.919414 0.016786 0.604012 0.221045 0.362818 0.708121 0.144559 0.757591 0.227451 0.781540 0.636359 0.781818 0.176762 0.631931 0.067431 0.292205 0.736995 0.658564 0.282313 0.144710 0.187759 0.588563 0.948394 0.856459 0.586188 0.714397 0.431499 0.058207 0.448503 0.277735 0.162912 0.367918 0.294521 0.766924 0.588963 0.657339 0.475045 0.733522 0.414930 0.702495 0.515062 0.051288 0.484314 0.691824 0.683219 0.551745 0.984029 0.420214 0.210308 0.266342 0.564924 0.398068 0.854905 0.513318 0.254526 0.441094 0.227715 0.686025 0.499301 0.676218 0.963759 0.662212 0.044136 0.258280 0.429136 0.633099 0.915619 0.904181 
0.330549 0.606677 0.881682 0.381837 0.090990 0.573506 0.065056 0.642735 0.557535 0.485270 0.853043 0.823877 0.050194 0.251111 0.678783 0.563511 0.505637 0.119876 0.791226 0.191662 0.619177 0.467445 0.155422 0.281389 0.511581 0.413702 0.710526 0.144680 0.329321 0.614707 0.511300 0.659870 0.221384 0.392982 0.041707 0.312374 0.966488 0.106764 0.955109 0.524023 0.592034 0.808152 0.347900 0.642228 0.059263 0.026682 0.205739 0.564901 0.146558 0.996965 0.756563 0.765735 0.464410 0.911984 0.047125 0.975991 0.325687 0.757651 0.120671 0.655008 0.372358 0.631971 0.314877 0.593741 0.024953 0.356585 0.906115 0.991441 0.463348 0.861224 0.515463 0.055382 0.669376 
0.697610 0.728639 0.890045 0.903349 0.293540 0.036603 0.900314 0.050103 0.802339 0.364725 0.962087 0.849464 0.340716 0.287774 0.607114 0.461387 0.942781 0.979472 0.093357 0.257659 0.573213 0.118310 0.614244 0.479328 0.109751 0.077592 0.340552 0.625215 0.132974 0.009928 0.488578 0.830584 0.738568 0.378623 0.733933 0.032108 0.415227 0.634248 0.082210 0.217565 0.998973 0.044298 0.067029 0.339688 0.332072 0.674143 0.801075 0.274853 0.653616 0.894432 0.532512 0.226829 0.012743 0.146755 0.706157 0.122494 0.224347 0.046709 0.747709 0.357322 0.056637 0.236287 0.187906 0.795204 0.614910 0.921839 0.827312 0.030137 0.556087 0.909523 0.247702 0.555060 0.953820 0.314731 
0.285892 0.988875 0.695823 0.560745 0.642490 0.590255 0.093257 0.869319 0.602998 0.240012 0.575476 0.725493 0.464360 0.622185 0.473202 0.821681 0.678821 0.709489 0.009587 0.474026 0.324399 0.931426 0.301338 0.354535 0.487513 0.210861 0.602237 0.042573 0.164681 0.916968 0.937321 0.450573 0.905843 0.633144 0.011318 0.548333 0.223399 0.104575 0.417652 0.826398 0.344587 0.993128 0.551890 0.808947 0.615312 0.025092 0.630629 0.294134 0.734581 0.640216 0.768159 0.058980 0.571642 0.069497 0.413515 0.059155 0.280358 0.015752 0.101728 0.445039 0.932721 0.039049 0.895612 0.838564 0.672193 0.906930 0.386897 0.895592 0.011505 0.804549 0.721990 0.356092 0.797677 0.273880 0.165039 
0.298972 0.795668 0.707122 0.033553 0.435884 0.475282 0.092533 0.007526 0.544779 0.506048 0.066681 0.825137 0.521800 0.168410 0.270176 0.454521 0.207459 0.165788 0.293085 0.879652 0.072718 0.679982 0.775244 0.084222 0.484531 0.497234 0.440315 0.282208 0.771115 0.605354 0.695197 0.070087 0.401022 0.402319 0.103640 0.836906 0.877600 0.196173 0.844432 0.422380 0.702221 0.911113 0.247517 0.224021 0.079522 0.517693 0.678542 0.286981 0.683480 0.971628 0.166633 0.756198 0.651610 0.941877 0.840420 0.136141 0.439112 0.280735 0.418349 0.210226 0.886089 0.113546 0.280313 0.287112 0.515864 0.383954 0.124017 0.393465 0.580126 0.968449 0.815844 0.282347 0.879562 0.063361 0.506368 0.959084 
0.184911 0.246065 0.264534 0.156539 0.412698 0.020732 0.808149 0.354576 0.861153 0.944290 0.793687 0.141888 0.362639 0.003914 0.027977 0.476185 0.284227 0.315089 0.992050 0.668181 0.439106 0.385514 0.248307 0.407555 0.201359 0.530655 0.287117 0.264720 0.037023 0.246202 0.845774 0.221934 0.492267 0.110308 0.378472 0.904965 0.131040 0.186621 0.259541 0.992193 0.130911 0.053229 0.134080 0.493551 0.057143 0.162058 0.969736 0.341370 0.477146 0.961785 0.009551 0.916253 0.347300 0.257858 0.323808 0.548659 0.788512 0.610925 0.813379 0.825535 0.857127 0.659152 0.047469 0.349394 0.769460 0.425942 0.254359 0.900500 0.612563 0.513900 0.892693 0.743474 0.567129 0.026773 0.237025 0.624272 0.188831 
0.965641 0.665977 0.168545 0.975192 0.582230 0.515845 0.233050 0.906037 0.064504 0.021562 0.516963 0.877882 0.847098 0.374089 0.537034 0.894567 0.723483 0.306494 0.320509 0.977843 0.206994 0.933071 0.491743 0.099687 0.676545 0.058872 0.126460 0.913570 0.683144 0.315291 0.120330 0.648785 0.981268 0.288876 0.623977 0.563497 0.804721 0.857027 0.469534 0.869224 0.878589 0.986497 0.747107 0.725687 0.360586 0.284141 0.620254 0.084070 0.590635 0.940762 0.061912 0.797630 0.873833 0.553655 0.897316 0.550379 0.612527 0.023776 0.463949 0.295671 0.339067 0.584279 0.944456 0.320334 0.873154 0.568433 0.883831 0.677875 0.425459 0.353366 0.547099 0.304049 0.339863 0.294206 0.029735 0.700449 0.578347 0.649989 
0.168982 0.590751 0.846431 0.966612 0.464585 0.400087 0.863928 0.014963 0.012614 0.887704 0.478912 0.308285 0.226771 0.063191 0.252740 0.547106 0.936346 0.821173 0.430937 0.614221 0.246632 0.784303 0.161320 0.550681 0.124166 0.455526 0.580416 0.824615 0.033873 0.230405 0.609134 0.202855 0.821156 0.455566 0.169466 0.285741 0.855652 0.033395 0.300705 0.868266 0.921099 0.779617 0.176551 0.147870 0.842808 0.429291 0.694976 0.779154 0.250464 0.125913 0.393374 0.497096 0.910216 0.554694 0.047777 0.034382 0.010220 0.628193 0.858997 0.044093 0.858599 0.468131 0.246947 0.679755 0.923697 0.416414 0.965496 0.779349 0.449808 0.266201 0.647616 0.370907 0.045818 0.824167 0.518778 0.888626 0.253458 0.213754 0.667779 
0.339667 0.061154 0.001018 0.249883 0.615848 0.048795 0.284264 0.626068 0.676989 0.143261 0.670160 0.535588 0.611392 0.917108 0.215343 0.535089 0.333522 0.180839 0.314439 0.783330 0.447040 0.962054 0.154238 0.492858 0.786221 0.673015 0.381484 0.039679 0.886769 0.049264 0.543601 0.226436 0.110417 0.544619 0.476318 0.726265 0.593414 0.760583 0.352333 0.270403 0.903844 0.022493 0.805991 0.515236 0.939600 0.021334 0.050326 0.273122 0.202173 0.364764 0.056452 0.649214 0.326819 0.210690 0.142072 0.113040 0.883705 0.523556 0.152719 0.770474 0.572820 0.696320 0.996909 0.683237 0.240939 0.473228 0.409502 0.834353 0.233810 0.761835 0.104756 0.137654 0.784328 0.910747 0.652890 0.723928 0.932081 0.703216 0.997050 0.134254 
0.053503 0.783467 0.394799 0.264192 0.925539 0.507839 0.147897 0.449095 0.660557 0.918371 0.021915 0.356877 0.915281 0.705153 0.597816 0.388508 0.114655 0.432169 0.622318 0.876490 0.536925 0.759972 0.660818 0.447672 0.412862 0.384746 0.379753 0.116078 0.381797 0.514006 0.184058 0.435299 0.297474 0.578856 0.699492 0.223013 0.086695 0.847389 0.672108 0.747252 0.765760 0.694023 0.104129 0.681041 0.399176 0.701945 0.069549 0.513831 0.134114 0.691867 0.390322 0.671039 0.451840 0.051140 0.118711 0.864702 0.435886 0.498463 0.980780 0.817683 0.012470 0.164837 0.252982 0.309943 0.743693 0.952474 0.532956 0.830388 0.799863 0.205064 0.577640 0.565623 0.899087 0.681769 0.246664 0.298263 0.383715 0.316213 0.812095 0.517828 0.008081 
0.188867 0.459920 0.253557 0.307578 0.324622 0.689443 0.806042 0.305402 0.507126 0.818511 0.470239 0.760108 0.128454 0.213932 0.712582 0.661410 0.044320 0.512445 0.866474 0.621960 0.078068 0.765561 0.303730 0.324732 0.063825 0.687444 0.640945 0.875920 0.205273 0.649026 0.078336 0.394140 0.108947 0.331893 0.701718 0.433569 0.021336 0.507760 0.738971 0.528461 0.326271 0.209210 0.288569 0.454725 0.423142 0.001151 0.116136 0.467462 0.513595 0.982610 0.089423 0.591663 0.748171 0.393152 0.916395 0.811996 0.080597 0.557341 0.687915 0.285870 0.206367 0.766252 0.680010 0.315313 0.098144 0.381728 0.748882 0.119480 0.889488 0.487853 0.647941 0.215759 0.697063 0.936510 0.670484 0.120205 0.937661 0.786620 0.587667 0.451256 0.769230 0.677089 
0.517401 0.070242 0.959315 0.329396 0.150839 0.516655 0.017312 0.436708 0.723022 0.783563 0.116718 0.038335 0.881708 0.498446 0.787217 0.001188 0.387934 0.275070 0.649129 0.603693 0.972132 0.585639 0.274177 0.092337 0.523299 0.060797 0.680004 0.974556 0.830026 0.357093 0.017475 0.347427 0.427335 0.976789 0.676824 0.578174 0.493445 0.694135 0.014882 0.216466 0.477699 0.131600 0.254801 0.359406 0.630046 0.042019 0.360594 0.017980 0.317088 0.009722 0.621672 0.289221 0.595361 0.895849 0.381558 0.118661 0.956646 0.061562 0.093216 0.786672 0.418655 0.110691 0.134100 0.845990 0.087481 0.810923 0.424164 0.580925 0.505058 0.439046 0.797392 0.982757 0.570647 0.052193 0.342163 0.200693 0.094212 0.702757 0.218672 0.411300 0.712479 0.840345 0.700521 
0.736194 0.082079 0.426501 0.692840 0.143640 0.519717 0.479512 0.562295 0.630409 0.613612 0.408285 0.717889 0.424535 0.832449 0.298814 0.929593 0.271496 0.096206 0.912350 0.842142 0.148399 0.254514 0.042835 0.242611 0.957271 0.261507 0.653911 0.669750 0.101852 0.354432 0.977591 0.838046 0.436511 0.404092 0.530886 0.580151 0.923810 0.010398 0.142446 0.554218 0.624010 0.550732 0.272107 0.048545 0.383181 0.570922 0.978138 0.654677 0.667127 0.890489 0.496819 0.815526 0.145003 0.539654 0.058137 0.102273 0.801161 0.712047 0.772023 0.903013 0.066479 0.749614 0.741059 0.502990 0.153706 0.271945 0.083141 0.077516 0.282343 0.225587 0.631734 0.906353 0.776319 0.903841 0.954898 0.159500 0.474763 0.933036 0.814177 0.141890 0.823525 0.310995 0.957416 0.968528 
0.015553 0.070801 0.651810 0.727600 0.842824 0.554822 0.794080 0.592438 0.295881 0.297069 0.746144 0.567826 0.380210 0.823659 0.850169 0.605797 0.455393 0.756521 0.382116 0.359234 0.711419 0.541616 0.833997 0.644455 0.355792 0.975887 0.467980 0.666787 0.933303 0.436508 0.517436 0.948856 0.507309 0.169246 0.676456 0.350133 0.724069 0.470536 0.942571 0.019950 0.767605 0.688715 0.587776 0.147815 0.512374 0.437944 0.753612 0.967767 0.194465 0.135728 0.327001 0.905884 0.677344 0.160998 0.550339 0.033136 0.136884 0.018320 0.699923 0.070187 0.454828 0.217359 0.019043 0.962137 0.386606 0.695499 0.312269 0.110674 0.166035 0.254840 0.130624 0.933640 0.943555 0.718399 0.081455 0.455929 0.156343 0.835067 0.423696 0.350809 0.970795 0.750697 0.256693 0.648139 0.911695 
0.681274 0.048579 0.825352 0.381197 0.118766 0.280180 0.598557 0.137809 0.242317 0.985162 0.833308 0.554586 0.095836 0.999343 0.809426 0.226460 0.932983 0.752981 0.944860 0.014438 0.208909 0.101203 0.849505 0.632605 0.452012 0.820300 0.383302 0.708705 0.468439 0.294996 0.515737 0.149713 0.343575 0.341089 0.530910 0.462341 0.621269 0.129467 0.600150 0.863586 0.114630 0.433457 0.418172 0.210466 0.432800 0.227598 0.436926 0.365782 0.980579 0.381786 0.380220 0.189488 0.482989 0.229725 0.822092 0.935001 0.050025 0.205394 0.643706 0.518463 0.500390 0.159443 0.668176 0.843965 0.500532 0.199087 0.306306 0.121801 0.328554 0.906456 0.985387 0.443183 0.339913 0.403559 0.653649 0.772713 0.631157 0.090576 0.138495 0.611736 0.472362 0.518716 0.801223 0.955351 0.748440 0.623316 
0.798465 0.828710 0.534058 0.316929 0.329100 0.693501 0.985105 0.173065 0.194033 0.184192 0.479371 0.315834 0.512745 0.385826 0.301221 0.955929 0.725739 0.704781 0.609578 0.498452 0.335938 0.700154 0.636948 0.947674 0.172516 0.155663 0.748897 0.127867 0.904103 0.372213 0.018219 0.702569 0.200923 0.552277 0.019498 0.530022 0.245777 0.004603 0.703087 0.439810 0.188794 0.182457 0.755644 0.701540 0.568284 0.056866 0.657469 0.294023 0.761647 0.267047 0.792475 0.097585 0.967201 0.429423 0.045259 0.139717 0.585086 0.794156 0.267584 0.489189 0.166369 0.285803 0.191758 0.367292 0.838080 0.211255 0.897314 0.083858 0.215858 0.600400 0.523668 0.404653 0.782858 0.279312 0.106192 0.351142 0.336178 0.763661 0.645164 0.097825 0.030708 0.437639 0.195409 0.997909 0.867062 0.240668 0.137626 
0.034824 0.405210 0.941336 0.201193 0.691014 0.133094 0.568484 0.529094 0.344350 0.465798 0.612951 0.560208 0.066199 0.136619 0.964860 0.849057 0.415932 0.071053 0.200198 0.752110 0.834714 0.845363 0.849934 0.865422 0.283002 0.045344 0.863331 0.150064 0.286012 0.000957 0.602211 0.320836 0.406168 0.543548 0.522028 0.097181 0.676642 0.090513 0.626275 0.020992 0.556311 0.239226 0.581200 0.622510 0.375846 0.546060 0.471566 0.791777 0.617113 0.671765 0.543887 0.451827 0.517127 0.393821 0.317249 0.800129 0.439164 0.180580 0.950193 0.725176 0.181538 0.552404 0.046012 0.587705 0.095952 0.568040 0.684886 0.772595 0.658553 0.311161 0.793587 0.214864 0.550388 0.374787 0.837374 0.926234 0.920847 0.308941 0.718011 0.537960 0.980705 0.261898 0.989788 0.497832 0.655718 0.307037 0.297962 0.094883 
0.248155 0.820059 0.669155 0.800559 0.866071 0.256860 0.896511 0.434111 0.941746 0.669106 0.092664 0.252908 0.462693 0.307528 0.803295 0.837479 0.144902 0.729529 0.758326 0.453843 0.447540 0.296286 0.434548 0.709437 0.286074 0.932381 0.365156 0.593111 0.230342 0.460039 0.080728 0.478497 0.280098 0.749883 0.279056 0.146168 0.006743 0.175567 0.580279 0.948489 0.844673 0.672943 0.201397 0.307366 0.980471 0.004692 0.144845 0.125373 0.734221 0.903171 0.579216 0.181761 0.199458 0.013764 0.891198 0.485532 0.946145 0.256354 0.078643 0.176487 0.716393 0.159371 0.654983 0.996490 0.909253 0.934039 0.142659 0.915996 0.109607 0.722938 0.864485 0.954280 0.395880 0.065882 0.261646 0.376351 0.070574 0.406492 0.501724 0.804795 0.309663 0.080940 0.986555 0.509121 0.094704 0.877753 0.994653 0.040849 0.134107 
0.217335 0.850500 0.232666 0.872319 0.846990 0.141919 0.806358 0.989649 0.057915 0.915965 0.712586 0.922400 0.870245 0.108467 0.988282 0.131892 0.484818 0.058855 0.538383 0.986542 0.863650 0.848047 0.067482 0.850205 0.357167 0.162187 0.727959 0.351820 0.203035 0.862066 0.425115 0.420371 0.712565 0.657781 0.292690 0.559555 0.799700 0.099048 0.549204 0.857615 0.015013 0.261790 0.780016 0.885259 0.370257 0.768297 0.017151 0.855074 0.827152 0.555534 0.841617 0.690802 0.403581 0.909099 0.541008 0.760748 0.071286 0.268966 0.112568 0.274321 0.131032 0.537684 0.694692 0.843597 0.195465 0.987382 0.403153 0.995165 0.086430 0.952357 0.852781 0.101444 0.214147 0.632796 0.986702 0.584403 0.401093 0.003853 0.439478 0.228246 0.559387 0.281094 0.919048 0.962968 0.190194 0.460056 0.723716 0.261479 0.729022 0.836284 
0.860054 0.373968 0.230493 0.703651 0.569433 0.217875 0.106804 0.564598 0.304305 0.059160 0.417378 0.405749 0.273307 0.050175 0.392451 0.857710 0.451268 0.396304 0.297188 0.679514 0.955691 0.578282 0.598562 0.918659 0.768475 0.058617 0.642375 0.029955 0.787639 0.478659 0.565756 0.647692 0.852627 0.796249 0.351343 0.422060 0.014124 0.458147 0.986657 0.318429 0.517307 0.404036 0.724178 0.790614 0.454210 0.116629 0.648323 0.905478 0.512933 0.945511 0.584992 0.468625 0.523793 0.183554 0.387284 0.292268 0.242171 0.029659 0.322223 0.029810 0.508319 0.887979 0.677502 0.360946 0.684227 0.028846 0.783006 0.698351 0.486992 0.769663 0.016780 0.004299 0.173699 0.740957 0.794913 0.627910 0.857586 0.443237 0.533388 0.370520 0.388748 0.118380 0.839144 0.912540 0.301934 0.226429 0.204809 0.544105 0.256088 0.527032 0.573914 
0.415010 0.251417 0.125353 0.099238 0.280262 0.908359 0.797588 0.767255 0.678022 0.814368 0.771554 0.851721 0.555325 0.566467 0.479631 0.412911 0.009704 0.013019 0.783431 0.398451 0.131399 0.622575 0.310992 0.433332 0.849004 0.515800 0.977437 0.105092 0.042832 0.551351 0.869499 0.457843 0.802768 0.994852 0.557080 0.083030 0.903211 0.354669 0.850285 0.581233 0.169037 0.621839 0.432954 0.724362 0.188306 0.912585 0.137273 0.198010 0.925604 0.920704 0.596462 0.057002 0.543279 0.907453 0.490334 0.392283 0.423254 0.467771 0.497374 0.466086 0.019122 0.366873 0.923929 0.821890 0.361725 0.481009 0.904920 0.264935 0.835678 0.755205 0.846168 0.004714 0.377044 0.279122 0.729076 0.565350 0.191707 0.866349 0.763360 0.117310 0.787053 0.359822 0.174312 0.330332 0.267275 0.664647 0.722614 0.690529 0.132418 0.219989 0.156615 0.151539 
0.080544 0.973429 0.948587 0.561552 0.878349 0.213522 0.397230 0.633554 0.059690 0.401944 0.010598 0.338812 0.131020 0.575948 0.530519 0.997368 0.339308 0.647829 0.784421 0.699130 0.822142 0.114753 0.966406 0.486788 0.837367 0.656935 0.619206 0.057356 0.813550 0.770745 0.644218 0.894093 0.744174 0.592805 0.455646 0.622524 0.806327 0.852876 0.256077 0.866017 0.254820 0.266675 0.204829 0.385839 0.842623 0.735348 0.383208 0.181931 0.383177 0.167629 0.881061 0.205319 0.282382 0.847467 0.692107 0.119749 0.504402 0.311313 0.177105 0.317952 0.082058 0.821323 0.212045 0.826233 0.414128 0.667691 0.448756 0.220455 0.520567 0.704833 0.086473 0.775387 0.971508 0.291302 0.161226 0.814131 0.026650 0.544434 0.996062 0.409827 0.712063 0.877123 0.615146 0.994444 0.724591 0.307253 0.114193 0.228993 0.618566 0.291298 0.546945 0.700624 0.112621 
0.526857 0.526749 0.426682 0.975613 0.747205 0.947248 0.680446 0.833677 0.722635 0.651955 0.124979 0.883861 0.466086 0.151629 0.428294 0.462148 0.561456 0.140357 0.339271 0.176602 0.134801 0.063862 0.483855 0.248994 0.292855 0.102421 0.540292 0.839800 0.803044 0.652913 0.598790 0.329901 0.179663 0.025472 0.305514 0.926868 0.972720 0.985960 0.760545 0.695355 0.637915 0.885524 0.579216 0.104000 0.037153 0.007510 0.566148 0.598609 0.147867 0.905419 0.775211 0.282669 0.969280 0.259066 0.531663 0.262135 0.361486 0.071955 0.101935 0.164531 0.724869 0.700725 0.494432 0.904532 0.726196 0.799946 0.831399 0.698916 0.785906 0.591944 0.394271 0.423820 0.477469 0.973487 0.527820 0.514622 0.980997 0.093968 0.113231 0.128865 0.999387 0.888442 0.411533 0.968667 0.147508 0.943196 0.230802 0.508994 0.015151 0.332737 0.673525 0.740020 0.033462 0.167957 
0.759658 0.967902 0.475950 0.458574 0.753808 0.067895 0.852845 0.177628 0.545364 0.826332 0.705449 0.059986 0.807329 0.799417 0.173217 0.936194 0.798804 0.061659 0.347727 0.767471 0.209167 0.290923 0.998273 0.718161 0.306074 0.331010 0.391686 0.046094 0.364472 0.559643 0.690645 0.124129 0.527545 0.166595 0.582703 0.281353 0.234490 0.435549 0.458982 0.779854 0.261881 0.164430 0.839840 0.069210 0.963847 0.013057 0.005404 0.762651 0.074716 0.353131 0.530122 0.283883 0.644055 0.528395 0.002044 0.950129 0.859405 0.393730 0.996222 0.223876 0.953373 0.686867 0.348006 0.480918 0.853463 0.930709 0.762271 0.087953 0.366258 0.221253 0.867808 0.628139 0.385683 0.707647 0.697349 0.349531 0.720704 0.702753 0.112182 0.795420 0.055884 0.642303 0.079304 0.699939 0.170698 0.081348 0.650068 0.030103 0.475078 0.646290 0.253979 0.428451 0.333158 0.601985 0.909370 
0.532694 0.671641 0.274574 0.898952 0.892894 0.142381 0.527090 0.278578 0.850029 0.224439 0.628108 0.570733 0.927192 0.740290 0.366154 0.983077 0.382593 0.445457 0.683015 0.553291 0.526805 0.333083 0.583394 0.001883 0.979373 0.837373 0.430335 0.312531 0.439358 0.339705 0.499151 0.972052 0.011346 0.773725 0.871004 0.904240 0.916106 0.398094 0.182818 0.766135 0.622533 0.810926 0.336868 0.549725 0.551216 0.703022 0.532802 0.933809 0.148479 0.215817 0.487100 0.675285 0.548900 0.070494 0.677168 0.528273 0.907867 0.107503 0.840804 0.347225 0.447208 0.339955 0.319276 0.458554 0.113680 0.190280 0.362794 0.029786 0.588374 0.545612 0.795921 0.210907 0.356538 0.132790 0.760633 0.907753 0.835812 0.293435 0.841562 0.984291 0.509252 0.328662 0.659576 0.058152 0.399156 0.336744 0.586426 0.307023 0.444247 0.427230 0.654247 0.891454 0.767185 0.973524 0.350008 0.880865 
0.712802 0.910651 0.752178 0.258413 0.706573 0.963085 0.614951 0.839362 0.723718 0.522704 0.675174 0.017152 0.364267 0.659466 0.526404 0.692929 0.319041 0.584557 0.092085 0.655785 0.170983 0.399108 0.100032 0.598213 0.053355 0.991486 0.365398 0.026879 0.341494 0.246263 0.190682 0.054296 0.156914 0.942860 0.312709 0.863487 0.905945 0.927660 0.702849 0.629663 0.450364 0.378023 0.646815 0.814631 0.037489 0.173220 0.507560 0.356530 0.757777 0.599644 0.012316 0.928759 0.998752 0.112347 0.526972 0.052107 0.103834 0.892370 0.078986 0.445328 0.138633 0.269668 0.499624 0.295547 0.212528 0.812333 0.159033 0.118473 0.739993 0.861883 0.748136 0.190357 0.239906 0.394952 0.004988 0.277395 0.568171 0.512547 0.633926 0.325948 0.112192 0.646241 0.254707 0.110944 0.758588 0.781680 0.163051 0.862422 0.674049 0.242036 0.307750 0.812682 0.511704 0.807374 0.108229 0.724232 0.619706 
0.842705 0.359699 0.129145 0.590841 0.550056 0.369051 0.985793 0.555044 0.646446 0.553964 0.067591 0.280372 0.879912 0.179783 0.926613 0.134620 0.290727 0.685201 0.916299 0.453777 0.547623 0.590349 0.695813 0.855373 0.403031 0.207518 0.662747 0.511260 0.931750 0.282453 0.778522 0.774455 0.642153 0.907667 0.365296 0.192209 0.276718 0.351089 0.747253 0.923164 0.905053 0.814845 0.203536 0.784966 0.994628 0.130149 0.919585 0.285354 0.815350 0.835885 0.739132 0.362974 0.426234 0.434945 0.218347 0.829265 0.642463 0.881094 0.340524 0.574212 0.163547 0.119047 0.348667 0.805699 0.026714 0.713963 0.997908 0.303432 0.065052 0.745162 0.226597 0.970105 0.560006 0.430133 0.755071 0.554634 0.560282 0.674657 0.839988 0.375632 0.510541 0.579120 0.738606 0.936775 0.014066 0.956952 0.766040 0.656528 0.838046 0.106564 0.230741 0.001593 0.225611 0.579408 0.807292 0.252324 0.293371 0.805200 
0.358423 0.550362 0.782353 0.328529 0.110368 0.212486 0.083600 0.665002 0.772768 0.758256 0.504991 0.148400 0.268798 0.084111 0.887005 0.205573 0.098176 0.843957 0.971612 0.754705 0.682003 0.078176 0.985446 0.683596 0.303787 0.564854 0.490888 0.556111 0.858225 0.296088 0.111868 0.216648 0.846450 0.894221 0.545177 0.956819 0.106706 0.628777 0.621821 0.879474 0.387033 0.126811 0.027873 0.655831 0.210922 0.914879 0.861404 0.309099 0.758836 0.833016 0.063804 0.440839 0.911192 0.049249 0.124435 0.214979 0.614103 0.615323 0.771090 0.472328 0.911411 0.882958 0.688976 0.757862 0.777179 0.234152 0.714680 0.883885 0.862929 0.336501 0.763359 0.249962 0.463313 0.791232 0.905793 0.674235 0.706111 0.767196 0.983334 0.464947 0.600212 0.047137 0.905786 0.511405 0.096387 0.030221 0.726384 0.710489 0.645544 0.497474 0.182817 0.556955 0.380432 0.871792 0.314817 0.157611 0.105945 0.029497 0.041496 
0.365999 0.804855 0.218836 0.829311 0.596087 0.124628 0.503546 0.302198 0.891825 0.486880 0.767145 0.492037 0.534017 0.672931 0.003442 0.630404 0.703152 0.729826 0.340893 0.348696 0.227300 0.523710 0.905651 0.607732 0.395503 0.220468 0.765342 0.501447 0.249965 0.806838 0.470321 0.615964 0.611693 0.689157 0.445275 0.207780 0.813785 0.948822 0.509978 0.705610 0.435702 0.277122 0.197647 0.969719 0.950053 0.201089 0.600123 0.653205 0.930915 0.941016 0.001900 0.158214 0.464727 0.907551 0.765946 0.860229 0.128019 0.531289 0.361677 0.377984 0.338127 0.831998 0.993948 0.949819 0.521155 0.439224 0.157599 0.334940 0.388045 0.667576 0.040550 0.823747 0.944699 0.238197 0.793466 0.894752 0.439285 0.393589 0.547956 0.370200 0.334605 0.549857 0.528414 0.799332 0.457408 0.294360 0.659561 0.585427 0.825649 0.021238 0.963412 0.163776 0.853236 0.957360 0.113595 0.374391 0.396584 0.271194 0.709331 0.784629 
