500
0.405656
0.790826
0.621328
0.830324
0.890487
0.410540
0.510996
0.906662
0.096713
0.034323
0.938640
0.555026
0.438259
0.703997
0.448396
0.782004
0.698871
0.289151
0.568873
0.328377
0.306100
0.777675
0.250989
0.907416
0.407980
0.619034
0.816558
0.357837
0.663348
0.945556
0.687224
0.965796
0.300391
0.706294
0.374423
0.328623
0.773588
0.497618
0.790634
0.372279
0.346774
0.545234
0.165372
0.418149
0.964904
0.940465
0.091266
0.038223
0.161209
0.260920
0.779188
0.216155
0.695841
0.577354
0.118808
0.685090
0.940945
0.628914
0.133394
0.935038
0.410769
0.750426
0.781764
0.893693
0.533166
0.478605
0.744156
0.865131
0.408533
0.926472
0.392117
0.992923
0.841886
0.439379
0.668901
0.073578
0.249920
0.581706
0.612654
0.974658
0.630011
0.458174
0.148023
0.814164
0.765789
0.083898
0.352198
0.490968
0.698659
0.169364
0.304765
0.447230
0.066946
0.586369
0.504334
0.825420
0.014290
0.508512
0.606898
0.718870
0.063312
0.530593
0.879589
0.609595
0.951908
0.945808
0.021900
0.811358
0.421973
0.768447
0.958754
0.060651
0.877460
0.135358
0.891839
0.857045
0.656996
0.370662
0.409199
0.114833
0.759215
0.617780
0.453678
0.869962
0.826866
0.801957
0.232276
0.758665
0.431771
0.594093
0.748251
0.278761
0.838776
0.941833
0.629680
0.609081
0.117307
0.170010
0.656000
0.446635
0.678382
0.268486
0.111200
0.020394
0.921173
0.866581
0.065625
0.074671
0.794765
0.152375
0.073170
0.813340
0.988318
0.761461
0.023323
0.127184
0.456689
0.612363
0.422820
0.110860
0.247244
0.013417
0.122784
0.217270
0.104592
0.341994
0.131102
0.368238
0.138684
0.763739
0.337796
0.863713
0.286592
0.362373
0.108833
0.053405
0.450675
0.668947
0.154910
0.491007
0.255862
0.437263
0.988335
0.506384
0.935200
0.289026
0.161046
0.067480
0.628815
0.157050
0.903087
0.093725
0.277276
0.927219
0.648889
0.691687
0.251228
0.291715
0.934451
0.366582
0.068222
0.142647
0.808347
0.676906
0.639980
0.174810
0.044411
0.896828
0.031207
0.753872
0.242274
0.584846
0.574509
0.733065
0.674659
0.378612
0.755255
0.972149
0.731385
0.000763
0.483011
0.914432
0.444108
0.849108
0.635308
0.155410
0.048540
0.371084
0.616817
0.132010
0.203796
0.034358
0.031880
0.522652
0.655562
0.134631
0.698988
0.665995
0.860323
0.618411
0.118084
0.373213
0.514078
0.789673
0.848445
0.422372
0.432304
0.011292
0.463237
0.227449
0.057359
0.257373
0.411143
0.899444
0.438471
0.767098
0.291677
0.723179
0.884607
0.936651
0.434535
0.785293
0.815753
0.331023
0.330529
0.397789
0.920552
0.144235
0.578530
0.603162
0.561535
0.573557
0.510570
0.658968
0.809589
0.128229
0.954643
0.110963
0.710107
0.049385
0.000459
0.428523
0.102336
0.252706
0.616438
0.697868
0.226127
0.031186
0.568162
0.131874
0.285774
0.621875
0.173625
0.010811
0.174824
0.924367
0.507371
0.096294
0.925649
0.290574
0.204868
0.720061
0.259868
0.167692
0.441400
0.205780
0.559668
0.967590
0.560493
0.617025
0.038598
0.910600
0.894283
0.155676
0.355894
0.362019
0.434692
0.991756
0.833326
0.522590
0.459014
0.001900
0.556026
0.751975
0.947892
0.851836
0.910392
0.532458
0.769330
0.624607
0.134384
0.685985
0.068706
0.263636
0.837190
0.176759
0.514597
0.314885
0.148150
0.187141
0.435860
0.082531
0.801412
0.150927
0.303124
0.695966
0.762160
0.006583
0.059692
0.732899
0.056445
0.193085
0.088317
0.641665
0.574831
0.332508
0.867782
0.356944
0.030029
0.239937
0.283405
0.770660
0.317853
0.876432
0.047462
0.274427
0.518989
0.674950
0.975483
0.843773
0.145421
0.561005
0.591320
0.682398
0.425820
0.954502
0.858237
0.754791
0.502405
0.553636
0.240554
0.653775
0.295575
0.366849
0.645340
0.821371
0.386902
0.803964
0.300325
0.599572
0.408696
0.435371
0.279236
0.443024
0.821384
0.331508
0.824722
0.821482
0.314007
0.391355
0.398953
0.750107
0.595103
0.764078
0.040432
0.621573
0.917724
0.716062
0.247105
0.978601
0.155745
0.130428
0.295392
0.100765
0.140241
0.568746
0.704845
0.325049
0.872925
0.195376
0.452776
0.362486
0.873893
0.567461
0.237634
0.189488
0.856171
0.373847
0.271827
0.760962
0.966730
0.951262
0.648562
0.971523
0.365438
0.434844
0.983848
0.188715
0.875877
0.978739
0.302237
0.506890
0.488143
0.309970
0.355348
0.172038
0.400640
0.993654
0.399611
0.570688
0.132077
0.583263
0.802861
0.973666
0.528153
0.792250
0.120631
0.988798
0.179877
0.368744
0.369700
0.857304
0.664081
0.819542
0.816136
0.828741
0.395762
0.064138
0.183981
0.877362
0.990208
0.542524
0.968752
0.719613
0.830089
0.683854
0.629139
0.970129
0.392116
0.356912
0.179901
0.156465
0.597656
0.774286
0.258406
0.493770
0.321260
0.359453
0.567615
0.438641
0.167423
0.597493
0.663654
0.089782
0.357293
0.264023
0.632346
0.112857
0.641090
0.011638
