100 100
0.091265
0.073481
0.435099
0.996043
0.008178
0.186625
0.318315
0.512071
0.090321
0.723643
0.271332
0.874819
0.011217
0.489289
0.690739
0.625390
0.854052
0.572830
0.320199
0.119475
0.459360
0.738917
0.817096
0.684336
0.347702
0.941739
0.346620
0.174060
0.254817
0.061834
0.111744
0.727561
0.386095
0.254948
0.869263
0.034671
0.680523
0.106298
0.024577
0.405035
0.198614
0.991312
0.163332
0.903071
0.828721
0.363706
0.652128
0.906261
0.391657
0.744517
0.535632
0.589543
0.552777
0.713773
0.486475
0.949633
0.465582
0.230324
0.106317
0.047063
0.098298
0.875503
0.502036
0.788649
0.942973
0.154613
0.312354
0.694760
0.439997
0.442484
0.527341
0.611562
0.333062
0.621837
0.975280
0.374417
0.079670
0.824005
0.031684
0.475398
0.145820
0.453263
0.374167
0.323305
0.556557
0.740636
0.157906
0.076821
0.194084
0.930347
0.367560
0.242942
0.554685
0.028935
0.679600
0.561027
0.134345
0.283593
0.162314
0.322676
