100
0.405656
0.790826
0.621328
0.830324
0.890487
0.410540
0.510996
0.906662
0.096713
0.034323
0.938640
0.555026
0.438259
0.703997
0.448396
0.782004
0.698871
0.289151
0.568873
0.328377
0.306100
0.777675
0.250989
0.907416
0.407980
0.619034
0.816558
0.357837
0.663348
0.945556
0.687224
0.965796
0.300391
0.706294
0.374423
0.328623
0.773588
0.497618
0.790634
0.372279
0.346774
0.545234
0.165372
0.418149
0.964904
0.940465
0.091266
0.038223
0.161209
0.260920
0.779188
0.216155
0.695841
0.577354
0.118808
0.685090
0.940945
0.628914
0.133394
0.935038
0.410769
0.750426
0.781764
0.893693
0.533166
0.478605
0.744156
0.865131
0.408533
0.926472
0.392117
0.992923
0.841886
0.439379
0.668901
0.073578
0.249920
0.581706
0.612654
0.974658
0.630011
0.458174
0.148023
0.814164
0.765789
0.083898
0.352198
0.490968
0.698659
0.169364
0.304765
0.447230
0.066946
0.586369
0.504334
0.825420
0.014290
0.508512
0.606898
0.718870
