500
0.454273
0.592207
0.618187
0.496024
0.939672
0.807047
0.914796
0.175265
0.214625
0.719181
0.047310
0.204939
0.494329
0.948088
0.130602
0.511167
0.189582
0.772102
0.852282
0.904759
0.330268
0.928205
0.935823
0.357908
0.483490
0.361158
0.189677
0.050166
0.314149
0.358084
0.669787
0.542208
0.719787
0.264690
0.309445
0.860465
0.080331
0.243753
0.617324
0.266640
0.839429
0.752347
0.685639
0.287370
0.788946
0.166795
0.557087
0.170924
0.093638
0.922525
0.541912
0.528743
0.978357
0.448293
0.251946
0.673001
0.342936
0.987921
0.223494
0.207141
0.651646
0.343281
0.879257
0.953117
0.819370
0.148989
0.211115
0.873459
0.280346
0.048363
0.831747
0.695751
0.774295
0.897014
0.868872
0.228693
0.617794
0.628347
0.898239
0.330384
0.854654
0.211445
0.915902
0.471589
0.103823
0.711046
0.397708
0.142870
0.377243
0.045256
0.309248
0.041998
0.767158
0.768364
0.131663
0.188550
0.406995
0.968936
0.228556
0.682728
0.027872
0.016463
0.211520
0.614379
0.809463
0.791254
0.138314
0.727667
0.268817
0.651586
0.333078
0.920714
0.558311
0.405213
0.588067
0.832195
0.951866
0.309151
0.613715
0.544322
0.164447
0.541974
0.446221
0.761940
0.542310
0.213646
0.619758
0.113071
0.777611
0.559601
0.536078
0.347442
0.451336
0.654817
0.872136
0.294731
0.293965
0.717985
0.936292
0.891604
0.911021
0.464816
0.390771
0.575809
0.662729
0.978707
0.736169
0.227567
0.307836
0.930714
0.426226
0.009729
0.061024
0.387425
0.079243
0.120599
0.840800
0.316991
0.150859
0.517621
0.541195
0.507520
0.031618
0.238047
0.442098
0.006931
0.357814
0.892061
0.619172
0.431611
0.474180
0.976413
0.647442
0.486484
0.879698
0.197504
0.876980
0.972341
0.399362
0.509529
0.317740
0.130570
0.153505
0.205880
0.430675
0.563403
0.426675
0.589841
0.763157
0.014553
0.867531
0.333652
0.408364
0.866489
0.627412
0.521792
0.961644
0.431685
0.728099
0.609750
0.825406
0.439631
0.903410
0.901974
0.335583
0.211460
0.222926
0.583546
0.068165
0.758201
0.030385
0.924739
0.795074
0.420204
0.966582
0.346482
0.903620
0.188290
0.625575
0.766606
0.940374
0.881837
0.256489
0.936652
0.011820
0.849947
0.933081
0.472070
0.062093
0.208418
0.137936
0.906482
0.819352
0.307598
0.288347
0.649855
0.831960
0.279369
0.543195
0.548743
0.989738
0.801262
0.641052
0.061298
0.624849
0.099184
0.360419
0.386434
0.873310
0.695269
0.843391
0.898496
0.203544
0.070275
0.753478
0.404398
0.028859
0.178246
0.082773
0.451259
0.665085
0.346805
0.649656
0.289060
0.728552
0.548194
0.254667
0.700997
0.149235
0.890796
0.885048
0.052687
0.807730
0.360154
0.227410
0.317106
0.666747
0.992399
0.542116
0.531702
0.484052
0.283415
0.874273
0.642499
0.459544
0.014038
0.303468
0.167367
0.209524
0.988343
0.378335
0.913632
0.925240
0.232729
0.886885
0.815708
0.803693
0.576238
0.063571
0.759317
0.702354
0.224763
0.516258
0.437664
0.061931
0.037028
0.087567
0.572884
0.485947
0.811529
0.829960
0.719037
0.716694
0.817702
0.262168
0.369326
0.388325
0.453819
0.435557
0.957361
0.389035
0.829115
0.688900
0.193193
0.176580
0.536067
0.597379
0.466529
0.018048
0.542171
0.023287
0.449070
0.646407
0.036093
0.686891
0.039959
0.520316
0.144440
0.877743
0.520647
0.209080
0.843425
0.892633
0.126422
0.861526
0.907924
0.481515
0.658792
0.253423
0.927945
0.101455
0.047512
0.053037
0.147975
0.420345
0.879847
0.224769
0.338555
0.988235
0.376981
0.611710
0.595403
0.870530
0.302651
0.718729
0.583102
0.468022
0.117266
0.611221
0.292537
0.542390
0.164653
0.285308
0.274718
0.126026
0.563923
0.773790
0.918991
0.605529
0.798716
0.656416
0.275908
0.157038
0.735601
0.684026
0.009935
0.056858
0.921098
0.568831
0.504167
0.721002
0.649718
0.349436
0.479486
0.196982
0.322800
0.299461
0.712297
0.384486
0.097829
0.222374
0.174841
0.004257
0.425590
0.587188
0.795077
0.019261
0.901706
0.477501
0.104731
0.753711
0.880628
0.388872
0.159913
0.052820
0.179773
0.800649
0.437446
0.912020
0.825635
0.255199
0.789129
0.762878
0.036875
0.271540
0.356231
0.076754
0.836143
0.041589
0.462398
0.984884
0.288930
0.737507
0.125239
0.227925
0.091657
0.742618
0.414342
0.279658
0.420021
0.171742
0.227130
0.276839
0.760390
0.531278
0.881025
0.044078
0.217846
0.992536
0.554805
0.344521
0.590580
0.236062
0.699571
0.499764
0.509289
0.505342
0.871366
0.304361
0.369749
0.005124
0.203589
0.541122
0.582957
0.883943
0.781075
0.418602
0.990011
0.870460
0.541594
0.658088
0.034369
0.574665
0.179521
0.052750
0.900725
0.102674
0.777342
0.847081
0.042235
0.380196
0.698087
0.084696
0.989996
0.791726
0.067851
0.362951
0.935357
0.432674
0.987633
0.782858
0.470394
0.708727
0.625582
0.817069
0.917379
0.412235
0.456139
0.438000
0.298752
