100
0.924594
0.309764
0.197279
0.385801
0.279551
0.041327
0.171092
0.270537
0.838887
0.940333
0.931348
0.134237
0.371669
0.626623
0.833455
0.770363
0.727479
0.092302
0.877567
0.756409
0.122633
0.155205
0.393867
0.868822
0.031632
0.703234
0.326744
0.933146
0.406120
0.058396
0.367492
0.036718
0.090946
0.155251
0.527736
0.809213
0.427642
0.635066
0.987380
0.240488
0.848934
0.460961
0.503675
0.284526
0.677587
0.321346
0.571947
0.083652
0.138756
0.401093
0.348658
0.971362
0.665635
0.380285
0.656163
0.923027
0.642299
0.140116
0.367714
0.732849
0.908863
0.966509
0.436072
0.635727
0.622330
0.266350
0.599712
0.390997
0.855512
0.992687
0.575040
0.366620
0.863363
0.894748
0.412989
0.581054
0.206760
0.784519
0.503922
0.067980
0.202417
0.042919
0.307841
0.850649
0.807032
0.890352
0.452147
0.487617
0.073295
0.535801
0.764407
0.586862
0.758990
0.644551
0.186620
0.163804
0.267262
0.555756
0.968874
0.938771
