100
0.295819
0.676953
0.706041
0.330781
0.420771
0.761769
0.601421
0.065456
0.680719
0.604210
0.572141
0.840229
0.195982
0.502783
0.255526
0.585251
0.334752
0.170919
0.554720
0.971371
0.239997
0.032576
0.765590
0.779346
0.155042
0.281097
0.268330
0.343893
0.758829
0.207230
0.123519
0.804787
0.153333
0.126900
0.769532
0.385086
0.615251
0.305542
0.274721
0.314637
0.470987
0.393416
0.384552
0.266672
0.920374
0.656619
0.643846
0.739158
0.823242
0.814502
0.447645
0.344414
0.530413
0.402296
0.793984
0.951698
0.754751
0.375104
0.744095
0.668009
0.787806
0.198884
0.901991
0.820263
0.515677
0.596748
0.773826
0.583383
0.132580
0.281811
0.332761
0.456910
0.605627
0.399017
0.267416
0.134349
0.124593
0.579647
0.054080
0.121853
0.005819
0.137430
0.846742
0.917014
0.369788
0.700760
0.282352
0.478623
0.669955
0.199989
0.403592
0.325052
0.658068
0.473839
0.703856
0.885508
0.241559
0.974545
0.185550
0.765912
