500
0.664965
0.284444
0.887115
0.704624
0.677320
0.637642
0.376518
0.172709
0.275590
0.815603
0.501191
0.659538
0.709407
0.792987
0.462142
0.941528
0.530516
0.795582
0.542063
0.379464
0.628947
0.834597
0.613383
0.091681
0.065944
0.867087
0.213166
0.434937
0.348131
0.611322
0.654094
0.277884
0.112517
0.170028
0.217960
0.657435
0.275418
0.747876
0.502009
0.305142
0.968377
0.264414
0.117923
0.164229
0.752978
0.263967
0.378084
0.402118
0.424205
0.180198
0.267507
0.764040
0.601434
0.624536
0.251628
0.245249
0.355750
0.582179
0.591931
0.643388
0.434170
0.463503
0.236667
0.014420
0.832807
0.167115
0.774683
0.391056
0.747540
0.210522
0.181365
0.213413
0.602980
0.561756
0.584971
0.608547
0.016757
0.532993
0.906388
0.992489
0.261501
0.443514
0.961125
0.145053
0.330755
0.647518
0.224626
0.915470
0.332842
0.605768
0.598514
0.018630
0.178424
0.278801
0.838157
0.144322
0.050376
0.776060
0.301980
0.823107
0.498694
0.505734
0.699504
0.019265
0.443247
0.052521
0.558418
0.089691
0.173076
0.809240
0.420520
0.733661
0.618838
0.365528
0.952921
0.410804
0.484508
0.460321
0.413321
0.661346
0.982655
0.378402
0.051486
0.416307
0.490886
0.338235
0.110011
0.403312
0.194908
0.069528
0.390758
0.502942
0.782205
0.674857
0.525984
0.792575
0.455959
0.593287
0.410182
0.563417
0.771794
0.654315
0.513474
0.803801
0.531551
0.153734
0.473681
0.943665
0.878496
0.113207
0.308504
0.205862
0.564803
0.021920
0.003338
0.524010
0.495738
0.030739
0.052439
0.819667
0.761686
0.317116
0.885294
0.344659
0.773615
0.595628
0.759381
0.623620
0.539732
0.723809
0.021098
0.294902
0.585298
0.844319
0.168271
0.160087
0.899240
0.726333
0.188563
0.893813
0.420274
0.442700
0.845286
0.474675
0.048239
0.638646
0.365385
0.505680
0.999588
0.511990
0.353677
0.088114
0.768670
0.229609
0.430016
0.258227
0.559509
0.403586
0.881464
0.824991
0.387405
0.008814
0.025769
0.169327
0.325028
0.220079
0.751894
0.307810
0.233332
0.361125
0.447383
0.771748
0.052251
0.016326
0.503868
0.998713
0.408168
0.810695
0.292780
0.961440
0.034567
0.766805
0.231286
0.397548
0.141693
0.393904
0.680439
0.845353
0.161862
0.945347
0.455736
0.246163
0.767429
0.544323
0.938158
0.753851
0.384673
0.040824
0.517053
0.063223
0.543014
0.314059
0.485370
0.417999
0.606088
0.801166
0.624716
0.490775
0.363512
0.795645
0.919981
0.790361
0.213727
0.463560
0.562931
0.415928
0.036749
0.434786
0.098762
0.308606
0.431730
0.980282
0.292715
0.508893
0.702224
0.577451
0.989157
0.088648
0.701694
0.530578
0.657136
0.671337
0.160418
0.656275
0.163030
0.480141
0.498536
0.398462
0.304127
0.601645
0.933189
0.314738
0.497515
0.398440
0.893684
0.891913
0.537747
0.762307
0.530001
0.843966
0.428153
0.832347
0.343869
0.352202
0.358328
0.039201
0.473124
0.818817
0.013208
0.960827
0.596436
0.354304
0.180977
0.347794
0.098792
0.717002
0.180936
0.043034
0.172245
0.471748
0.321077
0.286444
0.406482
0.526136
0.066829
0.296316
0.102085
0.322165
0.807078
0.625910
0.498103
0.792261
0.440697
0.418198
0.545152
0.884036
0.519014
0.959538
0.839505
0.509836
0.808044
0.042852
0.160058
0.140653
0.372477
0.662985
0.099678
0.238934
0.610743
0.600558
0.226198
0.345315
0.993707
0.038273
0.274182
0.696650
0.618997
0.959612
0.067786
0.904048
0.933673
0.616676
0.000607
0.354662
0.162969
0.194785
0.547920
0.671207
0.090535
0.372160
0.420740
0.907090
0.850046
0.024206
0.307387
0.793756
0.520416
0.182366
0.126632
0.191812
0.727554
0.404919
0.333876
0.430843
0.718643
0.389341
0.027390
0.812537
0.370268
0.606209
0.163645
0.058172
0.335922
0.380853
0.028074
0.294514
0.196632
0.828275
0.376755
0.514602
0.899694
0.654590
0.020750
0.870123
0.335967
0.571703
0.088162
0.948388
0.628218
0.937767
0.387654
0.830885
0.906792
0.204258
0.424139
0.072437
0.113023
0.118516
0.285245
0.239129
0.726146
0.775737
0.736526
0.564253
0.812474
0.412298
0.870826
0.226790
0.541465
0.295212
0.055969
0.256117
0.199548
0.254966
0.182930
0.056004
0.630228
0.736992
0.468819
0.367544
0.130504
0.095589
0.826449
0.528233
0.182946
0.488635
0.558044
0.808799
0.823658
0.947130
0.393653
0.696405
0.643578
0.634339
0.567433
0.935637
0.271851
0.923742
0.256557
0.141646
0.678682
0.247324
0.551678
0.257459
0.675058
0.747469
0.226566
0.159703
0.616087
0.563214
0.765995
0.514777
0.344495
0.437128
0.910614
0.061436
0.526121
0.305606
0.856973
0.543187
0.744143
0.346545
0.521583
0.438607
0.956475
0.834473
0.140212
0.672709
0.306504
0.565013
0.415653
0.422598
0.485261
0.298969
0.328692
0.530023
0.240239
0.106858
0.173697
0.332714
0.552044
0.887687
0.526201
0.698534
0.050355
0.279768
0.694981
0.772169
0.372030
0.741608
