 10 10
 16.184505138843178 -17.962730951473691 7.1549058215138297 7.4189188062397022 -5.6634640175609459 -13.685728865590921 2.8899341456543093 -7.7440192938901742 -9.8589724299952017 25.234163240608936
 3.0061879492563621 -0.13515622273751904 1.5600742260154861 4.504668092328231 -3.1437207780010263 -5.8676426902969929 3.8622325138838871 -2.5984071027604516 -6.2011828809633824 11.638178190120216
 13.208015166087998 -9.9083659200876752 16.421906918696102 -4.9762561113959514 5.9420508894911972 -7.7453269431070666 3.0358126448092717 -2.2301582425797744 -8.0156817390197315 5.2542211621087969
 6.7059359755060051 -11.881878219893926 5.8171122027060127 11.890899471253135 2.7628426920954787 -11.58974676826451 2.8558638981235296 -5.8655157212445914 -12.017056497381125 18.67850324548224
 5.2631717003785585 -9.2295442428655043 5.2005054321695585 0.50119543521639365 14.762892161785937 -6.4267621475854657 5.6648504157155521 -5.212238224150239 -10.909814437533591 10.583561606259618
 4.4496724188506231 -17.582421888764095 4.7453861789284035 9.7474156283913196 -4.7879611087046179 -5.4090096008913635 0.96496164604818713 -9.5311569453253231 -9.0131019805480221 28.577922535165616
 4.2497787299734879 -7.0750569401153243 0.50241762914671861 -0.43000019422119795 1.5197980727123763 -7.133738487250544 11.118222088340447 -3.2777737844910857 -2.0010313514732037 11.226485488494754
 7.012108348974281 -6.1446448244604435 7.2934221477921444 -2.686251344453658 1.0709702090051874 -11.076283411335785 2.0247592395448653 4.6519396278981642 2.3570387684646992 4.1881942430507584
 2.2766861688117439 -15.815841827974133 3.4922053810930791 6.511195112704014 -5.6721774102784313 -8.4178031126178308 4.2673065487980768 -5.2218014108670934 1.0904039104133476 22.745034326495759
 5.3727827581033232 -16.239633677367117 4.0914211871977821 6.3165364208460506 -5.0359875233367877 -9.7418966634365063 4.8654312352193294 -6.8364994179076559 -6.8793067817820539 29.423396506398575


