1000
94
68
14
67
24
27
4
52
4
18
54
69
37
95
34
65
87
40
36
15
41
92
77
21
64
12
53
32
34
37
39
37
62
90
56
9
94
24
96
10
99
51
83
93
34
25
36
43
38
94
70
15
7
78
9
76
82
34
15
41
91
15
19
3
79
23
54
86
80
72
94
86
44
95
75
15
16
37
28
60
76
67
98
90
15
97
27
15
41
5
42
51
19
36
72
47
6
24
38
47
57
81
26
76
2
87
48
43
76
76
46
5
7
25
99
64
94
53
68
15
41
6
93
24
9
84
17
48
53
38
30
97
43
36
13
22
88
15
21
55
1
2
70
93
51
89
41
78
65
48
53
17
70
31
47
83
5
24
43
37
82
70
92
96
81
40
45
66
68
30
83
54
38
58
73
25
60
75
22
12
50
8
31
12
44
18
45
92
44
80
50
22
7
29
47
30
52
39
90
37
15
96
95
59
33
16
81
13
15
26
62
27
26
45
26
21
2
6
56
12
76
8
79
16
51
42
15
23
29
51
56
20
23
21
78
62
15
69
45
71
75
52
27
10
54
22
42
86
59
68
42
58
50
88
86
61
46
77
51
91
64
50
81
47
57
69
49
84
56
92
60
99
79
30
14
59
60
89
77
39
47
1
10
56
41
4
33
13
87
90
30
98
49
59
21
67
43
31
83
33
75
15
6
29
77
91
99
65
24
78
68
75
86
2
86
1
97
20
88
17
75
28
24
1
52
56
76
64
75
63
44
2
30
51
60
95
26
21
61
61
76
75
2
21
8
61
22
21
30
52
89
48
27
54
15
15
47
13
32
66
68
88
19
6
91
92
64
50
62
8
35
19
93
15
6
43
21
34
37
32
71
41
74
24
64
92
27
28
41
58
32
2
98
55
49
91
67
33
39
22
56
27
42
75
64
1
84
19
42
57
1
40
2
82
1
76
36
49
47
13
53
51
69
7
97
38
14
66
47
98
72
61
52
62
18
9
2
52
22
43
95
46
83
21
96
27
21
44
73
98
12
31
22
85
90
8
62
68
39
26
71
32
90
92
21
95
1
75
22
87
6
61
15
91
97
36
31
39
43
5
1
16
78
29
93
35
90
81
90
23
28
84
14
25
97
80
90
30
32
90
63
86
25
4
91
51
93
73
39
22
85
59
56
31
65
34
27
10
24
60
65
83
60
90
83
64
12
48
17
35
21
17
60
89
93
6
87
4
10
12
43
72
68
67
22
5
31
31
94
28
39
12
26
65
65
39
20
51
11
1
24
17
61
19
78
44
81
85
60
35
66
94
83
3
71
3
36
22
58
88
33
54
11
24
98
23
5
82
4
32
90
83
37
61
3
62
86
37
73
24
75
74
79
63
59
29
16
43
63
28
39
92
83
12
40
33
35
25
31
23
91
93
18
75
9
20
60
20
21
83
47
91
61
40
71
95
3
44
89
89
46
79
54
80
82
54
53
21
46
13
2
95
85
52
45
67
33
60
77
22
92
88
4
75
73
2
86
98
12
77
82
29
98
72
20
73
69
38
87
47
95
99
5
45
29
83
9
7
99
68
92
15
4
52
67
17
79
78
4
8
12
62
9
56
68
18
82
84
57
92
87
82
59
77
12
73
34
77
49
45
32
15
4
21
74
56
65
19
39
75
89
27
94
2
8
4
20
41
58
79
10
61
33
66
88
25
89
56
49
22
15
51
51
79
54
30
72
71
81
43
97
69
50
83
8
90
7
18
20
72
86
5
77
88
61
76
67
7
44
52
10
57
71
21
36
21
1
88
86
24
43
48
52
42
29
70
67
83
9
92
6
8
88
45
92
74
68
34
15
84
28
8
46
45
50
50
91
62
62
91
71
41
98
77
20
92
34
38
68
60
28
95
85
86
80
59
71
48
49
66
34
11
62
5
57
6
18
41
33
87
99
12
70
44
30
51
52
41
97
98
62
20
12
42
37
99
76
16
59
53
21
20
82
9
85
15
25
14
96
4
63
54
2
52
28
96
87
70
49
94
52
79
52
58
78
30
99
24
72
17
85
29
35
20
99
39
94
79
4
98
48
47
43
41
79
51
98
88
67
69
92
10
93
11
3
62
25
3
30
87
8
1
55
73
34
4
44
50
85
76
10
80
18
96
1
32
73
49
29
20
4
33
66
66
20
72
80
22
29
43
25
16
65
15
23
58
52
1
90
13
46
90
48
66
18
49
70
68
25
7
66
96
87
40
40
23
38
36
75
75
17
85
95
67
88
33
61
65
79
27
