5000
0.000000e+00
-1.605153e+01
0.000000e+00
0.000000e+00
0.000000e+00
-2.241766e+01
0.000000e+00
-1.913792e+01
0.000000e+00
0.000000e+00
0.000000e+00
-3.147923e+01
0.000000e+00
-2.134689e+01
0.000000e+00
-1.549005e+01
0.000000e+00
-4.166894e+05
0.000000e+00
-3.472651e+01
0.000000e+00
-2.345945e+01
0.000000e+00
-2.958657e+01
0.000000e+00
-4.166926e+05
0.000000e+00
-3.065125e+01
0.000000e+00
-2.671573e+01
0.000000e+00
-4.167065e+05
0.000000e+00
-2.821552e+01
0.000000e+00
-2.693430e+01
0.000000e+00
-4.167008e+05
0.000000e+00
-4.043366e+01
0.000000e+00
-2.987765e+01
0.000000e+00
-2.914518e+01
0.000000e+00
-2.384559e+01
0.000000e+00
-3.124916e+01
0.000000e+00
-2.831913e+01
0.000000e+00
-2.714995e+01
0.000000e+00
-3.726733e+01
0.000000e+00
-3.304235e+01
0.000000e+00
-4.166980e+05
0.000000e+00
-4.166943e+05
0.000000e+00
-3.042359e+01
0.000000e+00
-4.166959e+05
0.000000e+00
-4.166931e+05
0.000000e+00
-3.286775e+01
0.000000e+00
-3.329427e+01
0.000000e+00
-3.390673e+01
0.000000e+00
-3.793760e+01
0.000000e+00
-3.207516e+01
0.000000e+00
-2.890211e+01
0.000000e+00
-4.166933e+05
0.000000e+00
-2.805836e+01
0.000000e+00
-3.139221e+01
0.000000e+00
-3.203489e+01
0.000000e+00
-5.319881e+01
0.000000e+00
-2.838876e+01
0.000000e+00
-4.166889e+05
0.000000e+00
-2.481948e+01
0.000000e+00
-2.502080e+01
0.000000e+00
-4.166975e+05
0.000000e+00
-3.158381e+01
0.000000e+00
-2.758396e+01
0.000000e+00
-4.166978e+05
0.000000e+00
-3.490431e+01
0.000000e+00
-3.537691e+01
0.000000e+00
-3.973422e+01
0.000000e+00
-4.166931e+05
0.000000e+00
-2.659823e+01
0.000000e+00
-3.404159e+01
0.000000e+00
-2.694280e+01
0.000000e+00
-4.166968e+05
0.000000e+00
-3.001420e+01
0.000000e+00
-2.989652e+01
0.000000e+00
-2.896168e+01
0.000000e+00
-3.547298e+01
0.000000e+00
-2.278828e+01
0.000000e+00
-2.987900e+01
0.000000e+00
-3.067973e+01
0.000000e+00
-3.582629e+01
0.000000e+00
-4.167009e+05
0.000000e+00
-3.255662e+01
0.000000e+00
-3.291939e+01
0.000000e+00
-2.886773e+01
0.000000e+00
-3.258594e+01
0.000000e+00
-3.286330e+01
0.000000e+00
-3.086959e+01
0.000000e+00
-3.253587e+01
0.000000e+00
-2.706507e+01
0.000000e+00
-3.138986e+01
0.000000e+00
-2.949936e+01
0.000000e+00
-3.126566e+01
0.000000e+00
-2.757780e+01
0.000000e+00
-3.037960e+01
0.000000e+00
-2.817353e+01
0.000000e+00
-1.761964e+01
0.000000e+00
-2.973070e+01
0.000000e+00
-4.167013e+05
0.000000e+00
-3.424115e+01
0.000000e+00
-2.951755e+01
0.000000e+00
-2.529777e+01
0.000000e+00
-2.576191e+01
0.000000e+00
-2.581962e+01
0.000000e+00
-3.313094e+01
0.000000e+00
-2.886842e+01
0.000000e+00
-3.160922e+01
0.000000e+00
-2.982448e+01
0.000000e+00
-4.573439e+01
0.000000e+00
-4.166952e+05
0.000000e+00
-3.179029e+01
0.000000e+00
-2.903639e+01
0.000000e+00
-3.419567e+01
0.000000e+00
-3.669290e+01
0.000000e+00
-2.613879e+01
0.000000e+00
-3.291159e+01
0.000000e+00
-3.096334e+01
0.000000e+00
-2.990735e+01
0.000000e+00
-3.087325e+01
0.000000e+00
0.000000e+00
0.000000e+00
0.000000e+00
0.000000e+00
-3.283096e+01
0.000000e+00
-4.166934e+05
0.000000e+00
-2.409814e+01
0.000000e+00
-3.808199e+01
0.000000e+00
-2.646702e+01
0.000000e+00
-3.160458e+01
0.000000e+00
-2.675692e+01
0.000000e+00
-3.495651e+01
0.000000e+00
-2.467035e+01
0.000000e+00
-3.129540e+01
0.000000e+00
-3.999707e+01
0.000000e+00
-4.166949e+05
0.000000e+00
-4.166959e+05
0.000000e+00
-3.274030e+01
0.000000e+00
-2.752424e+01
0.000000e+00
-3.602963e+01
0.000000e+00
-2.560878e+01
0.000000e+00
-4.166895e+05
0.000000e+00
-2.562745e+01
0.000000e+00
-5.277011e+01
0.000000e+00
-3.931056e+01
0.000000e+00
-5.458614e+01
0.000000e+00
-4.397753e+01
0.000000e+00
-3.643782e+01
0.000000e+00
-3.610376e+01
0.000000e+00
-4.119976e+01
0.000000e+00
-6.097557e+01
0.000000e+00
-4.566673e+01
0.000000e+00
-4.829926e+01
0.000000e+00
-5.609377e+01
0.000000e+00
-3.473929e+01
0.000000e+00
-4.142332e+01
0.000000e+00
-5.301276e+01
0.000000e+00
-4.483345e+01
0.000000e+00
-3.967145e+01
0.000000e+00
-5.229482e+01
0.000000e+00
-4.096261e+01
0.000000e+00
-3.503925e+01
0.000000e+00
-3.886742e+01
0.000000e+00
-3.932163e+01
0.000000e+00
-4.335665e+01
0.000000e+00
-4.117253e+01
0.000000e+00
-4.889863e+01
0.000000e+00
-6.012298e+01
0.000000e+00
-5.402031e+01
0.000000e+00
-4.211487e+01
0.000000e+00
-4.234559e+01
0.000000e+00
-4.160635e+01
0.000000e+00
-4.366719e+01
0.000000e+00
-4.385175e+01
0.000000e+00
-4.163946e+01
0.000000e+00
-4.817627e+01
0.000000e+00
-3.393552e+01
0.000000e+00
-5.677633e+01
0.000000e+00
-4.501996e+01
0.000000e+00
-3.716348e+01
0.000000e+00
-4.587543e+01
0.000000e+00
-3.836935e+01
0.000000e+00
-5.515312e+01
0.000000e+00
-5.161543e+01
0.000000e+00
-5.628365e+01
0.000000e+00
-4.510186e+01
0.000000e+00
-3.239396e+01
0.000000e+00
-4.267998e+01
0.000000e+00
-4.716041e+01
0.000000e+00
-5.336460e+01
0.000000e+00
-4.897599e+01
0.000000e+00
-4.460449e+01
0.000000e+00
-4.456332e+01
0.000000e+00
-4.789520e+01
0.000000e+00
-3.847524e+01
0.000000e+00
-4.203486e+01
0.000000e+00
-5.646134e+01
0.000000e+00
-4.452668e+01
0.000000e+00
-4.494170e+01
0.000000e+00
-4.243086e+01
0.000000e+00
-5.135844e+01
0.000000e+00
-4.604144e+01
0.000000e+00
-5.210195e+01
0.000000e+00
-4.840894e+01
0.000000e+00
-4.114731e+01
0.000000e+00
-5.643654e+01
0.000000e+00
-4.326650e+01
0.000000e+00
-4.368525e+01
0.000000e+00
-4.685554e+01
0.000000e+00
-4.929294e+01
0.000000e+00
-4.266632e+01
0.000000e+00
-4.392662e+01
0.000000e+00
-4.182159e+01
0.000000e+00
-5.218765e+01
0.000000e+00
-5.743777e+01
0.000000e+00
-5.466025e+01
0.000000e+00
-5.724166e+01
0.000000e+00
-3.500121e+01
0.000000e+00
-4.692678e+01
0.000000e+00
-4.873589e+01
0.000000e+00
-4.245479e+01
0.000000e+00
-4.896384e+01
0.000000e+00
-4.250607e+01
0.000000e+00
-4.778805e+01
0.000000e+00
-5.073444e+01
0.000000e+00
-4.218338e+01
0.000000e+00
-4.153718e+01
0.000000e+00
-4.207970e+01
0.000000e+00
-4.240588e+01
0.000000e+00
-4.324364e+01
0.000000e+00
-5.033626e+01
0.000000e+00
-5.212988e+01
0.000000e+00
-4.166976e+05
0.000000e+00
-4.112993e+01
0.000000e+00
-4.710031e+01
0.000000e+00
-4.710869e+01
0.000000e+00
-3.886696e+01
0.000000e+00
-4.032844e+01
0.000000e+00
-3.108265e+01
0.000000e+00
-3.820971e+01
0.000000e+00
-4.841735e+01
0.000000e+00
-4.710385e+01
0.000000e+00
-4.208461e+01
0.000000e+00
-6.041908e+01
0.000000e+00
-4.052688e+01
0.000000e+00
-3.618111e+01
0.000000e+00
-3.540656e+01
0.000000e+00
-3.688898e+01
0.000000e+00
-4.060275e+01
0.000000e+00
-5.986580e+01
0.000000e+00
-3.807024e+01
0.000000e+00
-4.303081e+01
0.000000e+00
-5.023711e+01
0.000000e+00
-5.971174e+01
0.000000e+00
-4.650071e+01
0.000000e+00
-3.549677e+01
0.000000e+00
-3.985700e+01
0.000000e+00
-4.591745e+01
0.000000e+00
-5.092441e+01
0.000000e+00
-4.455066e+01
0.000000e+00
-4.660268e+01
0.000000e+00
-3.709316e+01
0.000000e+00
-5.068181e+01
0.000000e+00
-4.221199e+01
0.000000e+00
-3.257651e+01
0.000000e+00
-4.691930e+01
0.000000e+00
-4.970735e+01
0.000000e+00
-5.097548e+01
0.000000e+00
-4.894081e+01
0.000000e+00
-4.835544e+01
0.000000e+00
-3.722295e+01
0.000000e+00
-3.669596e+01
0.000000e+00
-4.876253e+01
0.000000e+00
-3.845088e+01
0.000000e+00
-3.723442e+01
0.000000e+00
-5.179953e+01
0.000000e+00
-4.696847e+01
0.000000e+00
-5.274452e+01
0.000000e+00
-4.503244e+01
0.000000e+00
-4.556488e+01
0.000000e+00
-4.808754e+01
0.000000e+00
-5.089975e+01
0.000000e+00
-3.877210e+01
0.000000e+00
-4.504212e+01
0.000000e+00
-5.061225e+01
0.000000e+00
-5.049013e+01
0.000000e+00
-4.467689e+01
0.000000e+00
-4.615799e+01
0.000000e+00
-6.091845e+01
0.000000e+00
-5.844838e+01
0.000000e+00
-4.191099e+01
0.000000e+00
-3.822930e+01
0.000000e+00
-4.420653e+01
0.000000e+00
-4.699915e+01
0.000000e+00
-4.110474e+01
0.000000e+00
-5.331332e+01
0.000000e+00
-5.284316e+01
0.000000e+00
-3.950178e+01
0.000000e+00
-5.141802e+01
0.000000e+00
-4.896733e+01
0.000000e+00
-5.666012e+01
0.000000e+00
-5.576831e+01
0.000000e+00
-4.631027e+01
0.000000e+00
-4.579232e+01
0.000000e+00
-4.996376e+01
0.000000e+00
-5.169044e+01
0.000000e+00
-4.857090e+01
0.000000e+00
-5.058420e+01
0.000000e+00
-3.947715e+01
0.000000e+00
-4.322995e+01
0.000000e+00
-4.424804e+01
0.000000e+00
-3.945699e+01
0.000000e+00
-4.167132e+05
0.000000e+00
-4.219492e+01
0.000000e+00
-3.714869e+01
0.000000e+00
-5.308590e+01
0.000000e+00
-5.202014e+01
0.000000e+00
-5.981486e+01
0.000000e+00
-3.683684e+01
0.000000e+00
-4.156391e+01
0.000000e+00
-3.913129e+01
0.000000e+00
-3.981976e+01
0.000000e+00
-4.662846e+01
0.000000e+00
-4.159052e+01
0.000000e+00
-4.336175e+01
0.000000e+00
-5.692315e+01
0.000000e+00
-4.830558e+01
0.000000e+00
-3.630512e+01
0.000000e+00
-5.472002e+01
0.000000e+00
-3.518779e+01
0.000000e+00
-4.077771e+01
0.000000e+00
-5.318353e+01
0.000000e+00
-4.270625e+01
0.000000e+00
-5.232548e+01
0.000000e+00
-3.765247e+01
0.000000e+00
-5.172647e+01
0.000000e+00
-3.665528e+01
0.000000e+00
-5.394484e+01
0.000000e+00
-4.540459e+01
0.000000e+00
-3.444256e+01
0.000000e+00
-3.871229e+01
0.000000e+00
-4.204341e+01
0.000000e+00
-3.460606e+01
0.000000e+00
-4.606062e+01
0.000000e+00
-3.957835e+01
0.000000e+00
-6.095289e+01
0.000000e+00
-4.603732e+01
0.000000e+00
-3.806264e+01
0.000000e+00
-4.792622e+01
0.000000e+00
-3.876247e+01
0.000000e+00
-3.991904e+01
0.000000e+00
-4.864618e+01
0.000000e+00
-4.786750e+01
0.000000e+00
-5.192576e+01
0.000000e+00
-4.734022e+01
0.000000e+00
-4.064587e+01
0.000000e+00
-4.363383e+01
0.000000e+00
-4.745439e+01
0.000000e+00
-4.282796e+01
0.000000e+00
-5.079448e+01
0.000000e+00
-4.350836e+01
0.000000e+00
-4.158529e+01
0.000000e+00
-3.765781e+01
0.000000e+00
-2.930539e+01
0.000000e+00
-4.293257e+01
0.000000e+00
-4.281758e+01
0.000000e+00
-4.624408e+01
0.000000e+00
-3.756972e+01
0.000000e+00
-5.556717e+01
0.000000e+00
-4.319094e+01
0.000000e+00
-5.048695e+01
0.000000e+00
-4.199879e+01
0.000000e+00
-4.741809e+01
0.000000e+00
-5.485959e+01
0.000000e+00
-3.966697e+01
0.000000e+00
-4.044588e+01
0.000000e+00
-3.868535e+01
0.000000e+00
-4.802744e+01
0.000000e+00
-5.395222e+01
0.000000e+00
-4.240006e+01
0.000000e+00
-4.921927e+01
0.000000e+00
-3.618735e+01
0.000000e+00
-5.590456e+01
0.000000e+00
-5.079114e+01
0.000000e+00
-4.697213e+01
0.000000e+00
-5.034960e+01
0.000000e+00
-4.201536e+01
0.000000e+00
-5.949888e+01
0.000000e+00
-4.090127e+01
0.000000e+00
-3.220694e+01
0.000000e+00
-5.182370e+01
0.000000e+00
-3.576278e+01
0.000000e+00
-5.117991e+01
0.000000e+00
-3.787711e+01
0.000000e+00
-4.618970e+01
0.000000e+00
-4.260294e+01
0.000000e+00
-4.542654e+01
0.000000e+00
-3.228440e+01
0.000000e+00
-3.915039e+01
0.000000e+00
-4.205117e+01
0.000000e+00
-4.166870e+05
0.000000e+00
-5.259180e+01
0.000000e+00
-4.166965e+05
0.000000e+00
-5.455178e+01
0.000000e+00
-4.929386e+01
0.000000e+00
-3.735227e+01
0.000000e+00
-3.841889e+01
0.000000e+00
-3.998491e+01
0.000000e+00
-4.730985e+01
0.000000e+00
-4.031220e+01
0.000000e+00
-3.303810e+01
0.000000e+00
-3.160216e+01
0.000000e+00
-3.615149e+01
0.000000e+00
-5.291247e+01
0.000000e+00
-2.935800e+01
0.000000e+00
-4.168226e+01
0.000000e+00
-3.869883e+01
0.000000e+00
-4.373885e+01
0.000000e+00
-4.893592e+01
0.000000e+00
-4.571048e+01
0.000000e+00
-6.187145e+01
0.000000e+00
-4.683872e+01
0.000000e+00
-4.814572e+01
0.000000e+00
-3.361012e+01
0.000000e+00
-4.757055e+01
0.000000e+00
-5.510036e+01
0.000000e+00
-4.079903e+01
0.000000e+00
-5.070576e+01
0.000000e+00
-5.104303e+01
0.000000e+00
-4.183617e+01
0.000000e+00
-3.766236e+01
0.000000e+00
-4.278645e+01
0.000000e+00
-2.399001e+01
0.000000e+00
-5.895889e+01
0.000000e+00
-4.969234e+01
0.000000e+00
-3.661084e+01
0.000000e+00
-5.903021e+01
0.000000e+00
-6.288638e+01
0.000000e+00
-4.039798e+01
0.000000e+00
-5.363584e+01
0.000000e+00
-3.631258e+01
0.000000e+00
-4.544990e+01
0.000000e+00
-3.787425e+01
0.000000e+00
-5.549198e+01
0.000000e+00
-5.438673e+01
0.000000e+00
-4.603413e+01
0.000000e+00
-5.011589e+01
0.000000e+00
-3.801757e+01
0.000000e+00
-4.478378e+01
0.000000e+00
-4.714271e+01
0.000000e+00
-5.026193e+01
0.000000e+00
-4.967334e+01
0.000000e+00
-5.319702e+01
0.000000e+00
-4.999575e+01
0.000000e+00
-3.961929e+01
0.000000e+00
-3.908672e+01
0.000000e+00
-4.338590e+01
0.000000e+00
-5.403445e+01
0.000000e+00
-4.877864e+01
0.000000e+00
-3.592039e+01
0.000000e+00
-4.256756e+01
0.000000e+00
-4.167058e+05
0.000000e+00
-4.027875e+01
0.000000e+00
-4.068610e+01
0.000000e+00
-4.106283e+01
0.000000e+00
-4.995126e+01
0.000000e+00
-3.885976e+01
0.000000e+00
-5.469303e+01
0.000000e+00
-3.854248e+01
0.000000e+00
-5.159045e+01
0.000000e+00
-3.547865e+01
0.000000e+00
-4.463924e+01
0.000000e+00
-4.932421e+01
0.000000e+00
-5.893295e+01
0.000000e+00
-3.625480e+01
0.000000e+00
-3.645958e+01
0.000000e+00
-5.227811e+01
0.000000e+00
-4.644626e+01
0.000000e+00
-4.743851e+01
0.000000e+00
-4.357482e+01
0.000000e+00
-5.297075e+01
0.000000e+00
-2.923301e+01
0.000000e+00
-4.545057e+01
0.000000e+00
-5.020291e+01
0.000000e+00
-4.386466e+01
0.000000e+00
-5.509342e+01
0.000000e+00
-3.536801e+01
0.000000e+00
-3.673575e+01
0.000000e+00
-5.246955e+01
0.000000e+00
-4.998853e+01
0.000000e+00
-3.444730e+01
0.000000e+00
-2.906517e+01
0.000000e+00
-3.467337e+01
0.000000e+00
-4.674655e+01
0.000000e+00
-4.187248e+01
0.000000e+00
-4.153136e+01
0.000000e+00
-4.095421e+01
0.000000e+00
-4.338308e+01
0.000000e+00
-4.031402e+01
0.000000e+00
-4.015143e+01
0.000000e+00
-4.166849e+05
0.000000e+00
-5.265282e+01
0.000000e+00
-4.092551e+01
0.000000e+00
-2.902543e+01
0.000000e+00
-5.680245e+01
0.000000e+00
-5.669432e+01
0.000000e+00
-5.069209e+01
0.000000e+00
-3.830306e+01
0.000000e+00
-4.599953e+01
0.000000e+00
-4.877084e+01
0.000000e+00
-3.332960e+01
0.000000e+00
-4.587993e+01
0.000000e+00
-4.034701e+01
0.000000e+00
-4.572955e+01
0.000000e+00
-4.219123e+01
0.000000e+00
-5.628616e+01
0.000000e+00
-5.610801e+01
0.000000e+00
-3.234424e+01
0.000000e+00
-4.273635e+01
0.000000e+00
-4.414471e+01
0.000000e+00
-5.094677e+01
0.000000e+00
-5.007544e+01
0.000000e+00
-3.981441e+01
0.000000e+00
-4.503957e+01
0.000000e+00
-3.591150e+01
0.000000e+00
-4.816540e+01
0.000000e+00
-4.586049e+01
0.000000e+00
-4.802081e+01
0.000000e+00
-3.023408e+01
0.000000e+00
-4.482984e+01
0.000000e+00
-5.930763e+01
0.000000e+00
-3.920989e+01
0.000000e+00
-4.916321e+01
0.000000e+00
-5.378646e+01
0.000000e+00
-4.226511e+01
0.000000e+00
-4.940796e+01
0.000000e+00
-4.205057e+01
0.000000e+00
-4.380693e+01
0.000000e+00
-4.414150e+01
0.000000e+00
-4.912824e+01
0.000000e+00
-4.741051e+01
0.000000e+00
-3.804346e+01
0.000000e+00
-5.628309e+01
0.000000e+00
-4.373124e+01
0.000000e+00
-5.283318e+01
0.000000e+00
-5.360573e+01
0.000000e+00
-5.041585e+01
0.000000e+00
-4.102579e+01
0.000000e+00
-5.021492e+01
0.000000e+00
-5.718707e+01
0.000000e+00
-4.866677e+01
0.000000e+00
-4.098749e+01
0.000000e+00
-5.361203e+01
0.000000e+00
-4.643877e+01
0.000000e+00
-5.521142e+01
0.000000e+00
-5.778398e+01
0.000000e+00
-3.832104e+01
0.000000e+00
-4.669892e+01
0.000000e+00
-4.603186e+01
0.000000e+00
-3.504626e+01
0.000000e+00
-4.954501e+01
0.000000e+00
-3.493099e+01
0.000000e+00
-4.666439e+01
0.000000e+00
-3.734989e+01
0.000000e+00
-3.956684e+01
0.000000e+00
-4.360862e+01
0.000000e+00
-6.006134e+01
0.000000e+00
-5.090500e+01
0.000000e+00
-4.534054e+01
0.000000e+00
-4.124048e+01
0.000000e+00
-4.683935e+01
0.000000e+00
-4.281856e+01
0.000000e+00
-4.871376e+01
0.000000e+00
-5.039420e+01
0.000000e+00
-5.881091e+01
0.000000e+00
-5.685962e+01
0.000000e+00
-5.288648e+01
0.000000e+00
-4.632408e+01
0.000000e+00
-4.295672e+01
0.000000e+00
-3.643947e+01
0.000000e+00
-4.510810e+01
0.000000e+00
-4.767154e+01
0.000000e+00
-6.085282e+01
0.000000e+00
-3.895997e+01
0.000000e+00
-4.591313e+01
0.000000e+00
-3.699893e+01
0.000000e+00
-6.019987e+01
0.000000e+00
-3.629158e+01
0.000000e+00
-3.723381e+01
0.000000e+00
-5.177266e+01
0.000000e+00
-4.908714e+01
0.000000e+00
-5.431726e+01
0.000000e+00
-5.544945e+01
0.000000e+00
-6.508847e+01
0.000000e+00
-5.289456e+01
0.000000e+00
-4.003402e+01
0.000000e+00
-3.924275e+01
0.000000e+00
-4.059881e+01
0.000000e+00
-4.783503e+01
0.000000e+00
-4.449622e+01
0.000000e+00
-5.359510e+01
0.000000e+00
-4.166944e+05
0.000000e+00
-4.096841e+01
0.000000e+00
-4.398729e+01
0.000000e+00
-3.634084e+01
0.000000e+00
-3.584536e+01
0.000000e+00
-6.792246e+01
0.000000e+00
-6.258363e+01
0.000000e+00
-6.310095e+01
0.000000e+00
-6.950910e+01
0.000000e+00
-6.513370e+01
0.000000e+00
-6.035293e+01
0.000000e+00
-5.249790e+01
0.000000e+00
-5.346868e+01
0.000000e+00
-5.086858e+01
0.000000e+00
-6.339050e+01
0.000000e+00
-6.124271e+01
0.000000e+00
-7.279537e+01
0.000000e+00
-6.074084e+01
0.000000e+00
-6.078270e+01
0.000000e+00
-5.297697e+01
0.000000e+00
-5.859954e+01
0.000000e+00
-6.047710e+01
0.000000e+00
-5.573018e+01
0.000000e+00
-6.197971e+01
0.000000e+00
-4.847818e+01
0.000000e+00
-5.984747e+01
0.000000e+00
-5.303973e+01
0.000000e+00
-6.508219e+01
0.000000e+00
-5.553134e+01
0.000000e+00
-7.219906e+01
0.000000e+00
-5.092312e+01
0.000000e+00
-5.708985e+01
0.000000e+00
-6.167019e+01
0.000000e+00
-5.800727e+01
0.000000e+00
-6.802350e+01
0.000000e+00
-5.967775e+01
0.000000e+00
-5.592312e+01
0.000000e+00
-5.428998e+01
0.000000e+00
-5.566968e+01
0.000000e+00
-4.959105e+01
0.000000e+00
-8.075953e+01
0.000000e+00
-6.143268e+01
0.000000e+00
-6.201051e+01
0.000000e+00
-6.018821e+01
0.000000e+00
-6.674782e+01
0.000000e+00
-6.691094e+01
0.000000e+00
-6.031398e+01
0.000000e+00
-5.264695e+01
0.000000e+00
-4.782247e+01
0.000000e+00
-6.505316e+01
0.000000e+00
-5.791960e+01
0.000000e+00
-5.967901e+01
0.000000e+00
-6.683531e+01
0.000000e+00
-4.821605e+01
0.000000e+00
-5.959164e+01
0.000000e+00
-5.432177e+01
0.000000e+00
-5.054652e+01
0.000000e+00
-5.777722e+01
0.000000e+00
-4.368311e+01
0.000000e+00
-6.343004e+01
0.000000e+00
-4.025676e+01
0.000000e+00
-7.209477e+01
0.000000e+00
-5.440724e+01
0.000000e+00
-6.654043e+01
0.000000e+00
-4.837147e+01
0.000000e+00
-5.834357e+01
0.000000e+00
-4.789666e+01
0.000000e+00
-5.102945e+01
0.000000e+00
-7.837237e+01
0.000000e+00
-4.020187e+01
0.000000e+00
-6.383646e+01
0.000000e+00
-5.651879e+01
0.000000e+00
-3.907592e+01
0.000000e+00
-4.607094e+01
0.000000e+00
-7.050761e+01
0.000000e+00
-5.874375e+01
0.000000e+00
-6.872142e+01
0.000000e+00
-5.528756e+01
0.000000e+00
-7.060861e+01
0.000000e+00
-6.825163e+01
0.000000e+00
-3.735919e+01
0.000000e+00
-4.854075e+01
0.000000e+00
-5.468126e+01
0.000000e+00
-5.305174e+01
0.000000e+00
-7.105709e+01
0.000000e+00
-4.483031e+01
0.000000e+00
-5.880925e+01
0.000000e+00
-6.726979e+01
0.000000e+00
-3.547133e+01
0.000000e+00
-4.417587e+01
0.000000e+00
-6.249630e+01
0.000000e+00
-7.438391e+01
0.000000e+00
-6.120985e+01
0.000000e+00
-5.858541e+01
0.000000e+00
-6.380060e+01
0.000000e+00
-5.439663e+01
0.000000e+00
-5.773828e+01
0.000000e+00
-3.787436e+01
0.000000e+00
-3.736701e+01
0.000000e+00
-5.482091e+01
0.000000e+00
-5.808950e+01
0.000000e+00
-4.487207e+01
0.000000e+00
-5.508625e+01
0.000000e+00
-6.288843e+01
0.000000e+00
-3.196319e+01
0.000000e+00
-5.912163e+01
0.000000e+00
-3.314022e+01
0.000000e+00
-4.103525e+01
0.000000e+00
-4.076011e+01
0.000000e+00
-5.708242e+01
0.000000e+00
-5.395703e+01
0.000000e+00
-5.394130e+01
0.000000e+00
-5.012822e+01
0.000000e+00
-6.879374e+01
0.000000e+00
-5.563184e+01
0.000000e+00
-6.423898e+01
0.000000e+00
-4.721549e+01
0.000000e+00
-5.357040e+01
0.000000e+00
-6.349642e+01
0.000000e+00
-5.379651e+01
0.000000e+00
-7.372086e+01
0.000000e+00
-6.108811e+01
0.000000e+00
-4.533238e+01
0.000000e+00
-5.220620e+01
0.000000e+00
-5.389948e+01
0.000000e+00
-6.432463e+01
0.000000e+00
-4.413496e+01
0.000000e+00
-7.484817e+01
0.000000e+00
-4.416401e+01
0.000000e+00
-3.448855e+01
0.000000e+00
-4.874501e+01
0.000000e+00
-6.270337e+01
0.000000e+00
-6.034927e+01
0.000000e+00
-6.849434e+01
0.000000e+00
-4.605575e+01
0.000000e+00
-3.393209e+01
0.000000e+00
-3.366925e+01
0.000000e+00
-4.200743e+01
0.000000e+00
-3.174643e+01
0.000000e+00
-6.157168e+01
0.000000e+00
-5.312350e+01
0.000000e+00
-6.330420e+01
0.000000e+00
-4.012700e+01
0.000000e+00
-6.012236e+01
0.000000e+00
-5.530931e+01
0.000000e+00
-4.704956e+01
0.000000e+00
-4.131579e+01
0.000000e+00
-3.588766e+01
0.000000e+00
-5.211851e+01
0.000000e+00
-5.972355e+01
0.000000e+00
-4.125835e+01
0.000000e+00
-3.949123e+01
0.000000e+00
-6.053223e+01
0.000000e+00
-4.310436e+01
0.000000e+00
-3.984827e+01
0.000000e+00
-4.402658e+01
0.000000e+00
-4.236316e+01
0.000000e+00
-3.491284e+01
0.000000e+00
-6.582611e+01
0.000000e+00
-3.686718e+01
0.000000e+00
-5.897683e+01
0.000000e+00
-5.378624e+01
0.000000e+00
-6.798548e+01
0.000000e+00
-4.650933e+01
0.000000e+00
-5.382124e+01
0.000000e+00
-5.985612e+01
0.000000e+00
-5.757315e+01
0.000000e+00
-3.333377e+01
0.000000e+00
-4.396388e+01
0.000000e+00
-6.269635e+01
0.000000e+00
-6.523097e+01
0.000000e+00
-4.391013e+01
0.000000e+00
-5.155388e+01
0.000000e+00
-5.729842e+01
0.000000e+00
-6.417333e+01
0.000000e+00
-4.695252e+01
0.000000e+00
-4.388296e+01
0.000000e+00
-5.939977e+01
0.000000e+00
-5.777744e+01
0.000000e+00
-4.686720e+01
0.000000e+00
-6.784721e+01
0.000000e+00
-4.264224e+01
0.000000e+00
-6.467557e+01
0.000000e+00
-6.629671e+01
0.000000e+00
-5.498652e+01
0.000000e+00
-6.443227e+01
0.000000e+00
-6.707490e+01
0.000000e+00
-4.143020e+01
0.000000e+00
-2.595686e+01
0.000000e+00
-5.390443e+01
0.000000e+00
-4.603356e+01
0.000000e+00
-4.316892e+01
0.000000e+00
-6.114079e+01
0.000000e+00
-4.001602e+01
0.000000e+00
-4.229257e+01
0.000000e+00
-4.055824e+01
0.000000e+00
-4.656375e+01
0.000000e+00
-4.121404e+01
0.000000e+00
-5.767413e+01
0.000000e+00
-6.653382e+01
0.000000e+00
-3.166733e+01
0.000000e+00
-5.889142e+01
0.000000e+00
-6.164283e+01
0.000000e+00
-3.993069e+01
0.000000e+00
-4.797231e+01
0.000000e+00
-4.162159e+01
0.000000e+00
-5.732673e+01
0.000000e+00
-4.411507e+01
0.000000e+00
-4.896910e+01
0.000000e+00
-4.565725e+01
0.000000e+00
-5.912085e+01
0.000000e+00
-3.768893e+01
0.000000e+00
-5.993308e+01
0.000000e+00
-4.180832e+01
0.000000e+00
-3.998713e+01
0.000000e+00
-4.553991e+01
0.000000e+00
-3.820619e+01
0.000000e+00
-5.459611e+01
0.000000e+00
-4.756658e+01
0.000000e+00
-5.689227e+01
0.000000e+00
-7.092704e+01
0.000000e+00
-4.715847e+01
0.000000e+00
-6.291990e+01
0.000000e+00
-6.020151e+01
0.000000e+00
-3.868621e+01
0.000000e+00
-6.490083e+01
0.000000e+00
-4.308115e+01
0.000000e+00
-6.165940e+01
0.000000e+00
-4.140744e+01
0.000000e+00
-4.173616e+01
0.000000e+00
-3.606358e+01
0.000000e+00
-5.550811e+01
0.000000e+00
-6.726912e+01
0.000000e+00
-4.525943e+01
0.000000e+00
-5.812693e+01
0.000000e+00
-6.405596e+01
0.000000e+00
-4.942917e+01
0.000000e+00
-3.930559e+01
0.000000e+00
-3.490002e+01
0.000000e+00
-5.323825e+01
0.000000e+00
-6.917724e+01
0.000000e+00
-3.627240e+01
0.000000e+00
-4.071563e+01
0.000000e+00
-4.497240e+01
0.000000e+00
-3.775644e+01
0.000000e+00
-3.228613e+01
0.000000e+00
-4.782726e+01
0.000000e+00
-5.879073e+01
0.000000e+00
-4.325010e+01
0.000000e+00
-4.243211e+01
0.000000e+00
-4.045971e+01
0.000000e+00
-3.621207e+01
0.000000e+00
-5.997361e+01
0.000000e+00
-6.335097e+01
0.000000e+00
-6.477209e+01
0.000000e+00
-4.551871e+01
0.000000e+00
-4.598830e+01
0.000000e+00
-5.735110e+01
0.000000e+00
-5.117284e+01
0.000000e+00
-3.454333e+01
0.000000e+00
-5.734009e+01
0.000000e+00
-4.585930e+01
0.000000e+00
-6.009870e+01
0.000000e+00
-3.702177e+01
0.000000e+00
-5.376982e+01
0.000000e+00
-6.565546e+01
0.000000e+00
-5.226853e+01
0.000000e+00
-5.947832e+01
0.000000e+00
-6.576485e+01
0.000000e+00
-5.880692e+01
0.000000e+00
-4.789214e+01
0.000000e+00
-7.170677e+01
0.000000e+00
-6.973418e+01
0.000000e+00
-5.925370e+01
0.000000e+00
-5.904493e+01
0.000000e+00
-6.014152e+01
0.000000e+00
-7.224020e+01
0.000000e+00
-7.119269e+01
0.000000e+00
-6.011607e+01
0.000000e+00
-6.967894e+01
0.000000e+00
-5.863306e+01
0.000000e+00
-5.631004e+01
0.000000e+00
-5.988497e+01
0.000000e+00
-4.945433e+01
0.000000e+00
-5.321954e+01
0.000000e+00
-4.649752e+01
0.000000e+00
-5.291211e+01
0.000000e+00
-6.300038e+01
0.000000e+00
-6.771754e+01
0.000000e+00
-5.515838e+01
0.000000e+00
-5.394581e+01
0.000000e+00
-5.039011e+01
0.000000e+00
-5.888997e+01
0.000000e+00
-4.952705e+01
0.000000e+00
-5.736180e+01
0.000000e+00
-6.329725e+01
0.000000e+00
-5.240035e+01
0.000000e+00
-7.157472e+01
0.000000e+00
-6.611936e+01
0.000000e+00
-5.944514e+01
0.000000e+00
-6.186596e+01
0.000000e+00
-4.769514e+01
0.000000e+00
-5.001427e+01
0.000000e+00
-7.309026e+01
0.000000e+00
-4.663291e+01
0.000000e+00
-6.263311e+01
0.000000e+00
-6.979173e+01
0.000000e+00
-6.818166e+01
0.000000e+00
-5.575953e+01
0.000000e+00
-5.022395e+01
0.000000e+00
-4.441169e+01
0.000000e+00
-5.207107e+01
0.000000e+00
-4.818917e+01
0.000000e+00
-5.996112e+01
0.000000e+00
-4.306891e+01
0.000000e+00
-5.694483e+01
0.000000e+00
-5.689941e+01
0.000000e+00
-3.924275e+01
0.000000e+00
-7.047169e+01
0.000000e+00
-6.571311e+01
0.000000e+00
-6.889022e+01
0.000000e+00
-5.190478e+01
0.000000e+00
-5.503884e+01
0.000000e+00
-5.315687e+01
0.000000e+00
-4.358248e+01
0.000000e+00
-5.092648e+01
0.000000e+00
-4.166961e+05
0.000000e+00
-6.383622e+01
0.000000e+00
-6.164235e+01
0.000000e+00
-5.568470e+01
0.000000e+00
-6.612574e+01
0.000000e+00
-5.584575e+01
0.000000e+00
-6.140128e+01
0.000000e+00
-5.150802e+01
0.000000e+00
-5.629775e+01
0.000000e+00
-6.840340e+01
0.000000e+00
-5.066695e+01
0.000000e+00
-5.986494e+01
0.000000e+00
-5.529887e+01
0.000000e+00
-4.431200e+01
0.000000e+00
-4.847933e+01
0.000000e+00
-4.438269e+01
0.000000e+00
-7.163480e+01
0.000000e+00
-6.303624e+01
0.000000e+00
-6.084471e+01
0.000000e+00
-5.219716e+01
0.000000e+00
-6.324488e+01
0.000000e+00
-5.756323e+01
0.000000e+00
-7.272088e+01
0.000000e+00
-3.897195e+01
0.000000e+00
-6.622574e+01
0.000000e+00
-6.957398e+01
0.000000e+00
-6.944675e+01
0.000000e+00
-5.273451e+01
0.000000e+00
-6.142961e+01
0.000000e+00
-5.794636e+01
0.000000e+00
-5.218254e+01
0.000000e+00
-4.929723e+01
0.000000e+00
-6.335594e+01
0.000000e+00
-3.861431e+01
0.000000e+00
-6.652142e+01
0.000000e+00
-3.236745e+01
0.000000e+00
-6.181367e+01
0.000000e+00
-4.805035e+01
0.000000e+00
-4.699612e+01
0.000000e+00
-6.032822e+01
0.000000e+00
-3.335376e+01
0.000000e+00
-6.511601e+01
0.000000e+00
0.000000e+00
0.000000e+00
-4.723709e+01
0.000000e+00
-6.107962e+01
0.000000e+00
-5.765159e+01
0.000000e+00
-2.831420e+01
0.000000e+00
-2.959176e+01
0.000000e+00
-3.349036e+01
0.000000e+00
-5.989694e+01
0.000000e+00
-6.695448e+01
0.000000e+00
-5.370329e+01
0.000000e+00
-2.861183e+01
0.000000e+00
-2.452672e+01
0.000000e+00
-3.445421e+01
0.000000e+00
-6.044560e+01
0.000000e+00
-5.099136e+01
0.000000e+00
-5.890226e+01
0.000000e+00
-6.135682e+01
0.000000e+00
-5.278946e+01
0.000000e+00
-4.166953e+05
0.000000e+00
-6.599337e+01
0.000000e+00
-6.151476e+01
0.000000e+00
-5.807649e+01
0.000000e+00
-6.623144e+01
0.000000e+00
-8.460980e+01
0.000000e+00
-6.674134e+01
0.000000e+00
-2.790368e+01
0.000000e+00
-6.756342e+01
0.000000e+00
-6.651831e+01
0.000000e+00
-5.123636e+01
0.000000e+00
-8.167393e+01
0.000000e+00
-5.304999e+01
0.000000e+00
-5.748023e+01
0.000000e+00
-5.505524e+01
0.000000e+00
-5.294907e+01
0.000000e+00
-5.832295e+01
0.000000e+00
-4.167020e+05
0.000000e+00
-5.677661e+01
0.000000e+00
-5.618885e+01
0.000000e+00
-3.641368e+01
0.000000e+00
-5.061617e+01
0.000000e+00
-5.910308e+01
0.000000e+00
-4.108001e+01
0.000000e+00
-4.933007e+01
0.000000e+00
-5.083941e+01
0.000000e+00
-7.126842e+01
0.000000e+00
-4.742397e+01
0.000000e+00
-6.850242e+01
0.000000e+00
-5.238033e+01
0.000000e+00
-7.819619e+01
0.000000e+00
-5.462306e+01
0.000000e+00
-3.795569e+01
0.000000e+00
-5.458231e+01
0.000000e+00
-2.813712e+01
0.000000e+00
-5.774057e+01
0.000000e+00
-5.805077e+01
0.000000e+00
-6.862675e+01
0.000000e+00
-7.092918e+01
0.000000e+00
-5.464630e+01
0.000000e+00
-6.696525e+01
0.000000e+00
-6.222906e+01
0.000000e+00
-7.470278e+01
0.000000e+00
-3.728160e+01
0.000000e+00
-5.996460e+01
0.000000e+00
-7.484903e+01
0.000000e+00
-7.208014e+01
0.000000e+00
-3.106189e+01
0.000000e+00
-7.698809e+01
0.000000e+00
-5.958850e+01
0.000000e+00
-4.052731e+01
0.000000e+00
-4.167024e+05
0.000000e+00
-5.551333e+01
0.000000e+00
-4.731154e+01
0.000000e+00
-5.351389e+01
0.000000e+00
-5.995614e+01
0.000000e+00
-3.823172e+01
0.000000e+00
-6.067837e+01
0.000000e+00
-6.524395e+01
0.000000e+00
-4.879036e+01
0.000000e+00
-7.532101e+01
0.000000e+00
-4.166993e+05
0.000000e+00
-6.002799e+01
0.000000e+00
-6.267078e+01
0.000000e+00
-6.799315e+01
0.000000e+00
-4.245820e+01
0.000000e+00
-5.760668e+01
0.000000e+00
-5.702982e+01
0.000000e+00
-6.878207e+01
0.000000e+00
-5.062191e+01
0.000000e+00
-5.102991e+01
0.000000e+00
-7.564179e+01
0.000000e+00
-6.158248e+01
0.000000e+00
-5.273915e+01
0.000000e+00
-5.813080e+01
0.000000e+00
-6.695882e+01
0.000000e+00
-7.127846e+01
0.000000e+00
-5.618481e+01
0.000000e+00
-4.167045e+05
0.000000e+00
-5.642184e+01
0.000000e+00
-3.932231e+01
0.000000e+00
-6.538119e+01
0.000000e+00
-4.672651e+01
0.000000e+00
-5.514062e+01
0.000000e+00
-5.257556e+01
0.000000e+00
-4.771244e+01
0.000000e+00
-5.992828e+01
0.000000e+00
-6.452460e+01
0.000000e+00
-7.395348e+01
0.000000e+00
-5.272962e+01
0.000000e+00
-6.682031e+01
0.000000e+00
-4.541942e+01
0.000000e+00
-5.180316e+01
0.000000e+00
-4.783264e+01
0.000000e+00
-6.190087e+01
0.000000e+00
-3.717230e+01
0.000000e+00
-6.314432e+01
0.000000e+00
-5.344320e+01
0.000000e+00
-6.185316e+01
0.000000e+00
-6.142931e+01
0.000000e+00
-5.839586e+01
0.000000e+00
-7.711559e+01
0.000000e+00
-5.810706e+01
0.000000e+00
-6.768615e+01
0.000000e+00
-7.057851e+01
0.000000e+00
-6.116487e+01
0.000000e+00
-6.822297e+01
0.000000e+00
-4.167110e+05
0.000000e+00
-5.218177e+01
0.000000e+00
-5.929279e+01
0.000000e+00
-4.167029e+05
0.000000e+00
-5.387781e+01
0.000000e+00
-4.740097e+01
0.000000e+00
-6.648340e+01
0.000000e+00
-5.968914e+01
0.000000e+00
-6.155799e+01
0.000000e+00
-6.719969e+01
0.000000e+00
-3.487098e+01
0.000000e+00
-7.689900e+01
0.000000e+00
-5.126099e+01
0.000000e+00
-4.998701e+01
0.000000e+00
-5.006320e+01
0.000000e+00
-4.548204e+01
0.000000e+00
0.000000e+00
0.000000e+00
-7.453139e+01
0.000000e+00
-6.233652e+01
0.000000e+00
-6.620147e+01
0.000000e+00
-7.178835e+01
0.000000e+00
-5.379994e+01
0.000000e+00
-6.322652e+01
0.000000e+00
-5.411118e+01
0.000000e+00
-5.591941e+01
0.000000e+00
-6.176528e+01
0.000000e+00
-8.606905e+01
0.000000e+00
-3.858172e+01
0.000000e+00
-4.820392e+01
0.000000e+00
-6.097035e+01
0.000000e+00
-6.285411e+01
0.000000e+00
-5.965766e+01
0.000000e+00
-3.880368e+01
0.000000e+00
-5.077981e+01
0.000000e+00
-8.531272e+01
0.000000e+00
-4.859511e+01
0.000000e+00
-4.167024e+05
0.000000e+00
-5.717353e+01
0.000000e+00
-2.904171e+01
0.000000e+00
-6.537054e+01
0.000000e+00
-5.008545e+01
0.000000e+00
-5.363415e+01
0.000000e+00
-9.544585e+01
0.000000e+00
-5.341218e+01
0.000000e+00
-6.720107e+01
0.000000e+00
-5.656142e+01
0.000000e+00
-3.858279e+01
0.000000e+00
-5.636849e+01
0.000000e+00
-5.187448e+01
0.000000e+00
-6.996165e+01
0.000000e+00
-5.360611e+01
0.000000e+00
-6.132277e+01
0.000000e+00
-6.577393e+01
0.000000e+00
-6.125488e+01
0.000000e+00
-4.748629e+01
0.000000e+00
-7.563169e+01
0.000000e+00
-5.403396e+01
0.000000e+00
-4.259511e+01
0.000000e+00
-6.401137e+01
0.000000e+00
-6.399637e+01
0.000000e+00
-5.174710e+01
0.000000e+00
-5.870533e+01
0.000000e+00
-3.415284e+01
0.000000e+00
-3.767135e+01
0.000000e+00
-5.222494e+01
0.000000e+00
-3.827637e+01
0.000000e+00
-6.564145e+01
0.000000e+00
-4.607156e+01
0.000000e+00
-5.486933e+01
0.000000e+00
-5.957499e+01
0.000000e+00
-4.237377e+01
0.000000e+00
-3.681047e+01
0.000000e+00
-5.659481e+01
0.000000e+00
-6.356229e+01
0.000000e+00
-4.068242e+01
0.000000e+00
-5.552366e+01
0.000000e+00
-6.303560e+01
0.000000e+00
-6.182222e+01
0.000000e+00
-3.829740e+01
0.000000e+00
-6.280284e+01
0.000000e+00
-5.458009e+01
0.000000e+00
-6.237662e+01
0.000000e+00
-4.907762e+01
0.000000e+00
-6.147912e+01
0.000000e+00
-4.167057e+05
0.000000e+00
-4.978548e+01
0.000000e+00
-5.576761e+01
0.000000e+00
-5.671904e+01
0.000000e+00
-4.166977e+05
0.000000e+00
-4.522477e+01
0.000000e+00
-5.846880e+01
0.000000e+00
-3.419260e+01
0.000000e+00
-4.166966e+05
0.000000e+00
-4.891840e+01
0.000000e+00
-3.608926e+01
0.000000e+00
-4.777249e+01
0.000000e+00
-6.251070e+01
0.000000e+00
-5.385712e+01
0.000000e+00
-5.824945e+01
0.000000e+00
-7.526823e+01
0.000000e+00
-4.166977e+05
0.000000e+00
-4.307578e+01
0.000000e+00
-6.096711e+01
0.000000e+00
-4.395638e+01
0.000000e+00
-6.194890e+01
0.000000e+00
-7.187032e+01
0.000000e+00
-6.874207e+01
0.000000e+00
-3.703209e+01
0.000000e+00
-4.227379e+01
0.000000e+00
-3.653707e+01
0.000000e+00
-3.460580e+01
0.000000e+00
-4.625811e+01
0.000000e+00
-4.311158e+01
0.000000e+00
-4.256997e+01
0.000000e+00
-5.506596e+01
0.000000e+00
-6.512412e+01
0.000000e+00
-7.177202e+01
0.000000e+00
-6.001257e+01
0.000000e+00
-5.613974e+01
0.000000e+00
-4.539578e+01
0.000000e+00
-5.343519e+01
0.000000e+00
-5.578238e+01
0.000000e+00
-3.452629e+01
0.000000e+00
-5.667502e+01
0.000000e+00
-4.808326e+01
0.000000e+00
-5.875552e+01
0.000000e+00
-5.868938e+01
0.000000e+00
-4.795759e+01
0.000000e+00
-4.830393e+01
0.000000e+00
-4.726765e+01
0.000000e+00
-6.080080e+01
0.000000e+00
-8.311515e+01
0.000000e+00
-6.143704e+01
0.000000e+00
-4.336723e+01
0.000000e+00
-4.602938e+01
0.000000e+00
-5.116048e+01
0.000000e+00
-4.353678e+01
0.000000e+00
-8.434070e+01
0.000000e+00
-6.721815e+01
0.000000e+00
-5.465037e+01
0.000000e+00
-4.279380e+01
0.000000e+00
-5.963657e+01
0.000000e+00
-5.305865e+01
0.000000e+00
-5.425079e+01
0.000000e+00
-6.207260e+01
0.000000e+00
-5.785036e+01
0.000000e+00
-4.568444e+01
0.000000e+00
-6.816216e+01
0.000000e+00
-8.796359e+01
0.000000e+00
-4.511924e+01
0.000000e+00
-5.527659e+01
0.000000e+00
-5.450538e+01
0.000000e+00
-7.176094e+01
0.000000e+00
-7.684856e+01
0.000000e+00
-5.522109e+01
0.000000e+00
-7.077398e+01
0.000000e+00
-5.799312e+01
0.000000e+00
-5.359747e+01
0.000000e+00
-4.669621e+01
0.000000e+00
-5.324352e+01
0.000000e+00
-5.046209e+01
0.000000e+00
-5.897725e+01
0.000000e+00
-7.910474e+01
0.000000e+00
-6.940527e+01
0.000000e+00
-4.167002e+05
0.000000e+00
-4.539085e+01
0.000000e+00
-6.317068e+01
0.000000e+00
-5.535426e+01
0.000000e+00
-6.989180e+01
0.000000e+00
-7.485025e+01
0.000000e+00
-4.204729e+01
0.000000e+00
-6.499420e+01
0.000000e+00
-4.922159e+01
0.000000e+00
-3.424047e+01
0.000000e+00
-4.150079e+01
0.000000e+00
-5.026741e+01
0.000000e+00
-5.045724e+01
0.000000e+00
-5.266408e+01
0.000000e+00
-4.885890e+01
0.000000e+00
-4.775527e+01
0.000000e+00
-2.919560e+01
0.000000e+00
-4.936277e+01
0.000000e+00
-6.342697e+01
0.000000e+00
-8.177160e+01
0.000000e+00
-5.929093e+01
0.000000e+00
-7.212852e+01
0.000000e+00
-2.854694e+01
0.000000e+00
-6.543711e+01
0.000000e+00
-5.565933e+01
0.000000e+00
-6.353671e+01
0.000000e+00
-4.818517e+01
0.000000e+00
-3.558981e+01
0.000000e+00
-7.100909e+01
0.000000e+00
-5.818954e+01
0.000000e+00
-6.089921e+01
0.000000e+00
-5.750261e+01
0.000000e+00
-4.912507e+01
0.000000e+00
-3.545441e+01
0.000000e+00
-5.227427e+01
0.000000e+00
-5.571032e+01
0.000000e+00
-4.716644e+01
0.000000e+00
-7.510164e+01
0.000000e+00
-4.695975e+01
0.000000e+00
-6.523341e+01
0.000000e+00
-6.708678e+01
0.000000e+00
-4.166996e+05
0.000000e+00
-5.333345e+01
0.000000e+00
-5.526610e+01
0.000000e+00
-5.433675e+01
0.000000e+00
-5.356585e+01
0.000000e+00
-4.264086e+01
0.000000e+00
-4.010477e+01
0.000000e+00
-5.230786e+01
0.000000e+00
-6.232509e+01
0.000000e+00
-6.300699e+01
0.000000e+00
-4.544624e+01
0.000000e+00
-6.171879e+01
0.000000e+00
-6.049617e+01
0.000000e+00
-7.558728e+01
0.000000e+00
-5.181918e+01
0.000000e+00
-6.853353e+01
0.000000e+00
-6.543456e+01
0.000000e+00
-5.201150e+01
0.000000e+00
-4.879771e+01
0.000000e+00
-4.453438e+01
0.000000e+00
-6.915061e+01
0.000000e+00
-7.974582e+01
0.000000e+00
-6.078772e+01
0.000000e+00
-7.181063e+01
0.000000e+00
-4.325078e+01
0.000000e+00
-4.467315e+01
0.000000e+00
-5.853965e+01
0.000000e+00
-4.473985e+01
0.000000e+00
-4.584515e+01
0.000000e+00
-5.070525e+01
0.000000e+00
-6.749051e+01
0.000000e+00
-6.192974e+01
0.000000e+00
-3.343764e+01
0.000000e+00
-5.149643e+01
0.000000e+00
-5.248133e+01
0.000000e+00
-7.877182e+01
0.000000e+00
-5.585476e+01
0.000000e+00
-4.492045e+01
0.000000e+00
-5.143801e+01
0.000000e+00
-4.990618e+01
0.000000e+00
-6.255540e+01
0.000000e+00
-5.420539e+01
0.000000e+00
-7.986604e+01
0.000000e+00
-7.016410e+01
0.000000e+00
-4.785312e+01
0.000000e+00
-6.564799e+01
0.000000e+00
-4.418507e+01
0.000000e+00
-5.794017e+01
0.000000e+00
-6.273652e+01
0.000000e+00
-5.865889e+01
0.000000e+00
-7.928122e+01
0.000000e+00
-6.188746e+01
0.000000e+00
-4.766018e+01
0.000000e+00
-4.365048e+01
0.000000e+00
-5.191502e+01
0.000000e+00
-6.674828e+01
0.000000e+00
-5.896668e+01
0.000000e+00
-4.787798e+01
0.000000e+00
-5.230026e+01
0.000000e+00
-5.715099e+01
0.000000e+00
-6.916551e+01
0.000000e+00
-7.131020e+01
0.000000e+00
-5.466177e+01
0.000000e+00
-3.387576e+01
0.000000e+00
-5.417425e+01
0.000000e+00
-6.201350e+01
0.000000e+00
-6.251246e+01
0.000000e+00
-6.933594e+01
0.000000e+00
-5.639870e+01
0.000000e+00
-5.476501e+01
0.000000e+00
-7.676234e+01
0.000000e+00
-6.617129e+01
0.000000e+00
-5.604061e+01
0.000000e+00
-4.041916e+01
0.000000e+00
-7.139811e+01
0.000000e+00
-4.362218e+01
0.000000e+00
-7.703345e+01
0.000000e+00
-6.800713e+01
0.000000e+00
-6.952258e+01
0.000000e+00
-6.334645e+01
0.000000e+00
-6.517735e+01
0.000000e+00
-6.260538e+01
0.000000e+00
-6.111356e+01
0.000000e+00
-7.010431e+01
0.000000e+00
-7.070455e+01
0.000000e+00
-4.166947e+05
0.000000e+00
-5.946431e+01
0.000000e+00
-7.016457e+01
0.000000e+00
-6.851458e+01
0.000000e+00
-7.111361e+01
0.000000e+00
-6.664587e+01
0.000000e+00
-6.263741e+01
0.000000e+00
-4.883454e+01
0.000000e+00
-5.824121e+01
0.000000e+00
-6.127909e+01
0.000000e+00
-3.938392e+01
0.000000e+00
-7.265717e+01
0.000000e+00
-6.198789e+01
0.000000e+00
-5.252064e+01
0.000000e+00
-6.597772e+01
0.000000e+00
-4.946218e+01
0.000000e+00
-4.496255e+01
0.000000e+00
-4.292209e+01
0.000000e+00
-5.660975e+01
0.000000e+00
-5.880562e+01
0.000000e+00
-3.870252e+01
0.000000e+00
-6.144832e+01
0.000000e+00
-6.495654e+01
0.000000e+00
-7.971891e+01
0.000000e+00
-6.517390e+01
0.000000e+00
-6.765828e+01
0.000000e+00
-6.692858e+01
0.000000e+00
-6.050459e+01
0.000000e+00
-7.712514e+01
0.000000e+00
-6.033636e+01
0.000000e+00
-6.683292e+01
0.000000e+00
-5.107009e+01
0.000000e+00
-9.797314e+01
0.000000e+00
-6.801985e+01
0.000000e+00
-6.574604e+01
0.000000e+00
-7.051048e+01
0.000000e+00
-3.650412e+01
0.000000e+00
-4.887082e+01
0.000000e+00
-5.745766e+01
0.000000e+00
-6.190780e+01
0.000000e+00
-6.252504e+01
0.000000e+00
-5.281389e+01
0.000000e+00
-6.109456e+01
0.000000e+00
-6.899289e+01
0.000000e+00
-7.128859e+01
0.000000e+00
-4.998154e+01
0.000000e+00
-6.163404e+01
0.000000e+00
-5.621380e+01
0.000000e+00
-4.343962e+01
0.000000e+00
-5.453586e+01
0.000000e+00
-4.919444e+01
0.000000e+00
-5.359308e+01
0.000000e+00
-7.983283e+01
0.000000e+00
-6.469859e+01
0.000000e+00
-6.911547e+01
0.000000e+00
-5.553216e+01
0.000000e+00
-6.559236e+01
0.000000e+00
-6.130289e+01
0.000000e+00
-7.064697e+01
0.000000e+00
-6.591107e+01
0.000000e+00
-5.330173e+01
0.000000e+00
-7.731251e+01
0.000000e+00
-6.700203e+01
0.000000e+00
-6.792538e+01
0.000000e+00
-3.085920e+01
0.000000e+00
-7.020434e+01
0.000000e+00
-7.205678e+01
0.000000e+00
-4.956923e+01
0.000000e+00
-7.691518e+01
0.000000e+00
-4.693490e+01
0.000000e+00
-6.579562e+01
0.000000e+00
-6.714251e+01
0.000000e+00
-6.395463e+01
0.000000e+00
-6.386823e+01
0.000000e+00
-8.050749e+01
0.000000e+00
-7.907672e+01
0.000000e+00
-4.166994e+05
0.000000e+00
-5.108484e+01
0.000000e+00
-7.046846e+01
0.000000e+00
-4.167034e+05
0.000000e+00
-4.958910e+01
0.000000e+00
-5.153850e+01
0.000000e+00
-6.671816e+01
0.000000e+00
-6.044687e+01
0.000000e+00
-7.183800e+01
0.000000e+00
-6.287056e+01
0.000000e+00
-5.339820e+01
0.000000e+00
-5.235597e+01
0.000000e+00
-6.326578e+01
0.000000e+00
-5.689314e+01
0.000000e+00
-5.441219e+01
0.000000e+00
-6.821392e+01
0.000000e+00
-6.745713e+01
0.000000e+00
-5.955696e+01
0.000000e+00
-4.650923e+01
0.000000e+00
-5.831060e+01
0.000000e+00
-7.215456e+01
0.000000e+00
-6.942132e+01
0.000000e+00
-3.726366e+01
0.000000e+00
-6.951795e+01
0.000000e+00
-6.280239e+01
0.000000e+00
-7.703969e+01
0.000000e+00
-7.272943e+01
0.000000e+00
-6.800480e+01
0.000000e+00
-5.914386e+01
0.000000e+00
-6.693517e+01
0.000000e+00
-7.436951e+01
0.000000e+00
-6.888321e+01
0.000000e+00
-6.670804e+01
0.000000e+00
-5.056182e+01
0.000000e+00
-4.108684e+01
0.000000e+00
-7.757372e+01
0.000000e+00
-7.746876e+01
0.000000e+00
-7.809155e+01
0.000000e+00
-5.983410e+01
0.000000e+00
-4.668674e+01
0.000000e+00
-5.157565e+01
0.000000e+00
-5.833051e+01
0.000000e+00
-4.984075e+01
0.000000e+00
-5.057093e+01
0.000000e+00
-7.333690e+01
0.000000e+00
-3.720424e+01
0.000000e+00
-6.593113e+01
0.000000e+00
-6.397908e+01
0.000000e+00
-4.487040e+01
0.000000e+00
-5.483426e+01
0.000000e+00
-5.691910e+01
0.000000e+00
-4.290168e+01
0.000000e+00
-4.975621e+01
0.000000e+00
-3.807397e+01
0.000000e+00
-6.516823e+01
0.000000e+00
-6.932358e+01
0.000000e+00
-7.953392e+01
0.000000e+00
-6.533578e+01
0.000000e+00
-5.666193e+01
0.000000e+00
-5.807970e+01
0.000000e+00
-5.973802e+01
0.000000e+00
-6.614416e+01
0.000000e+00
-5.847104e+01
0.000000e+00
-4.962533e+01
0.000000e+00
-7.064605e+01
0.000000e+00
-6.549668e+01
0.000000e+00
-5.701266e+01
0.000000e+00
-5.571654e+01
0.000000e+00
-5.326523e+01
0.000000e+00
-6.655756e+01
0.000000e+00
-4.877944e+01
0.000000e+00
-6.270966e+01
0.000000e+00
-5.330061e+01
0.000000e+00
-7.660847e+01
0.000000e+00
-5.805390e+01
0.000000e+00
-4.167028e+05
0.000000e+00
-6.718527e+01
0.000000e+00
-7.146861e+01
0.000000e+00
-5.817230e+01
0.000000e+00
-7.318132e+01
0.000000e+00
-3.811198e+01
0.000000e+00
-6.447486e+01
0.000000e+00
-5.670388e+01
0.000000e+00
-6.339194e+01
0.000000e+00
-6.764485e+01
0.000000e+00
-4.836117e+01
0.000000e+00
-5.587400e+01
0.000000e+00
-8.431712e+01
0.000000e+00
-4.127689e+01
0.000000e+00
-5.845224e+01
0.000000e+00
-5.075394e+01
0.000000e+00
-6.774572e+01
0.000000e+00
-8.362260e+01
0.000000e+00
-4.084421e+01
0.000000e+00
-5.359778e+01
0.000000e+00
-6.686877e+01
0.000000e+00
-6.164334e+01
0.000000e+00
-5.097111e+01
0.000000e+00
-5.219506e+01
0.000000e+00
-5.107427e+01
0.000000e+00
-6.231399e+01
0.000000e+00
-6.342615e+01
0.000000e+00
-5.057989e+01
0.000000e+00
-4.286160e+01
0.000000e+00
-7.277751e+01
0.000000e+00
-5.836527e+01
0.000000e+00
-6.089957e+01
0.000000e+00
-6.865668e+01
0.000000e+00
-5.603090e+01
0.000000e+00
-4.273537e+01
0.000000e+00
-5.101699e+01
0.000000e+00
-5.371434e+01
0.000000e+00
-8.235098e+01
0.000000e+00
-6.259973e+01
0.000000e+00
-8.524673e+01
0.000000e+00
-4.948160e+01
0.000000e+00
-8.695268e+01
0.000000e+00
-6.310870e+01
0.000000e+00
-7.583747e+01
0.000000e+00
-4.631849e+01
0.000000e+00
-8.209635e+01
0.000000e+00
-6.725376e+01
0.000000e+00
-5.804582e+01
0.000000e+00
-6.991448e+01
0.000000e+00
-4.857815e+01
0.000000e+00
-5.072411e+01
0.000000e+00
-7.748523e+01
0.000000e+00
-4.180749e+01
0.000000e+00
-6.517944e+01
0.000000e+00
-7.519219e+01
0.000000e+00
-2.332940e+01
0.000000e+00
-6.857898e+01
0.000000e+00
-7.785681e+01
0.000000e+00
-7.613013e+01
0.000000e+00
-7.124100e+01
0.000000e+00
-6.284424e+01
0.000000e+00
-6.516730e+01
0.000000e+00
-6.478100e+01
0.000000e+00
-5.570529e+01
0.000000e+00
-5.046322e+01
0.000000e+00
-5.629965e+01
0.000000e+00
-4.546288e+01
0.000000e+00
-4.167114e+05
0.000000e+00
-6.971875e+01
0.000000e+00
-4.167039e+05
0.000000e+00
-4.209639e+01
0.000000e+00
-7.994499e+01
0.000000e+00
-7.313863e+01
0.000000e+00
-5.375718e+01
0.000000e+00
-5.669991e+01
0.000000e+00
-5.860868e+01
0.000000e+00
-8.711772e+01
0.000000e+00
-6.075827e+01
0.000000e+00
-6.560180e+01
0.000000e+00
-4.901497e+01
0.000000e+00
-6.080044e+01
0.000000e+00
-6.745361e+01
0.000000e+00
-4.427403e+01
0.000000e+00
-5.630166e+01
0.000000e+00
-5.826985e+01
0.000000e+00
-6.226130e+01
0.000000e+00
-6.944808e+01
0.000000e+00
-5.777841e+01
0.000000e+00
-6.377729e+01
0.000000e+00
-7.994832e+01
0.000000e+00
-5.884016e+01
0.000000e+00
-6.143578e+01
0.000000e+00
-5.229878e+01
0.000000e+00
-6.136747e+01
0.000000e+00
-7.661536e+01
0.000000e+00
-6.085932e+01
0.000000e+00
-5.473952e+01
0.000000e+00
-6.978940e+01
0.000000e+00
-6.833331e+01
0.000000e+00
-7.789961e+01
0.000000e+00
-6.487777e+01
0.000000e+00
-7.074749e+01
0.000000e+00
-6.829435e+01
0.000000e+00
-8.478034e+01
0.000000e+00
-3.993886e+01
0.000000e+00
-6.220173e+01
0.000000e+00
-6.308868e+01
0.000000e+00
-5.355417e+01
0.000000e+00
-6.895046e+01
0.000000e+00
-7.007052e+01
0.000000e+00
-5.992006e+01
0.000000e+00
-6.296485e+01
0.000000e+00
-7.560524e+01
0.000000e+00
-7.412868e+01
0.000000e+00
-7.364453e+01
0.000000e+00
-5.101751e+01
0.000000e+00
-5.642432e+01
0.000000e+00
-5.893375e+01
0.000000e+00
-7.377132e+01
0.000000e+00
-7.418912e+01
0.000000e+00
-6.497894e+01
0.000000e+00
-6.297119e+01
0.000000e+00
-6.109195e+01
0.000000e+00
-5.746168e+01
0.000000e+00
-6.303750e+01
0.000000e+00
-4.442314e+01
0.000000e+00
-7.553927e+01
0.000000e+00
-5.381318e+01
0.000000e+00
-7.253128e+01
0.000000e+00
-6.884549e+01
0.000000e+00
-3.591931e+01
0.000000e+00
-5.006593e+01
0.000000e+00
-6.519459e+01
0.000000e+00
-6.790191e+01
0.000000e+00
-7.739344e+01
0.000000e+00
-4.166914e+05
0.000000e+00
-6.737158e+01
0.000000e+00
-7.150891e+01
0.000000e+00
-4.067643e+01
0.000000e+00
-5.741875e+01
0.000000e+00
-6.923544e+01
0.000000e+00
-5.295588e+01
0.000000e+00
-5.103540e+01
0.000000e+00
-6.181495e+01
0.000000e+00
-6.593850e+01
0.000000e+00
-6.520738e+01
0.000000e+00
-6.196992e+01
0.000000e+00
-4.504441e+01
0.000000e+00
-5.282546e+01
0.000000e+00
-5.518274e+01
0.000000e+00
-5.658047e+01
0.000000e+00
-5.344206e+01
0.000000e+00
-7.049030e+01
0.000000e+00
-5.614423e+01
0.000000e+00
-6.061521e+01
0.000000e+00
-4.944880e+01
0.000000e+00
-5.057270e+01
0.000000e+00
-3.382967e+01
0.000000e+00
-6.756416e+01
0.000000e+00
-7.758456e+01
0.000000e+00
-8.021283e+01
0.000000e+00
-5.494660e+01
0.000000e+00
-6.009446e+01
0.000000e+00
-6.261935e+01
0.000000e+00
-7.406551e+01
0.000000e+00
-4.609249e+01
0.000000e+00
-6.602344e+01
0.000000e+00
-6.515735e+01
0.000000e+00
-4.925312e+01
0.000000e+00
-6.116275e+01
0.000000e+00
-5.253241e+01
0.000000e+00
-8.795868e+01
0.000000e+00
-6.514897e+01
0.000000e+00
-4.955653e+01
0.000000e+00
-3.994567e+01
0.000000e+00
-4.527365e+01
0.000000e+00
-6.276842e+01
0.000000e+00
-4.056809e+01
0.000000e+00
-5.953819e+01
0.000000e+00
-7.233311e+01
0.000000e+00
-5.958572e+01
0.000000e+00
-8.385124e+01
0.000000e+00
-6.178251e+01
0.000000e+00
-6.744111e+01
0.000000e+00
-4.167188e+05
0.000000e+00
-6.578979e+01
0.000000e+00
-5.967495e+01
0.000000e+00
-5.719896e+01
0.000000e+00
-4.403012e+01
0.000000e+00
-7.319660e+01
0.000000e+00
-7.261437e+01
0.000000e+00
-7.722963e+01
0.000000e+00
-4.225368e+01
0.000000e+00
-5.554430e+01
0.000000e+00
-5.739268e+01
0.000000e+00
-6.788885e+01
0.000000e+00
-5.204596e+01
0.000000e+00
-4.544706e+01
0.000000e+00
-6.241666e+01
0.000000e+00
-8.030331e+01
0.000000e+00
-7.298168e+01
0.000000e+00
-7.375168e+01
0.000000e+00
-5.827528e+01
0.000000e+00
-6.643317e+01
0.000000e+00
-7.969691e+01
0.000000e+00
-7.871574e+01
0.000000e+00
-5.836828e+01
0.000000e+00
-7.416382e+01
0.000000e+00
-7.832581e+01
0.000000e+00
-5.853479e+01
0.000000e+00
-6.830462e+01
0.000000e+00
-7.963271e+01
0.000000e+00
-6.748103e+01
0.000000e+00
-8.136264e+01
0.000000e+00
-5.710599e+01
0.000000e+00
-5.874571e+01
0.000000e+00
-6.275726e+01
0.000000e+00
-5.632373e+01
0.000000e+00
-5.052454e+01
0.000000e+00
-6.990669e+01
0.000000e+00
-7.125332e+01
0.000000e+00
-5.958948e+01
0.000000e+00
-6.853852e+01
0.000000e+00
-7.064211e+01
0.000000e+00
-6.201476e+01
0.000000e+00
-8.070448e+01
0.000000e+00
-2.922307e+01
0.000000e+00
-6.466552e+01
0.000000e+00
-6.267958e+01
0.000000e+00
-5.451044e+01
0.000000e+00
-8.461407e+01
0.000000e+00
-6.116930e+01
0.000000e+00
-4.563226e+01
0.000000e+00
-6.858051e+01
0.000000e+00
-5.127767e+01
0.000000e+00
-5.871004e+01
0.000000e+00
-6.251284e+01
0.000000e+00
-6.095804e+01
0.000000e+00
-6.150085e+01
0.000000e+00
-6.959546e+01
0.000000e+00
-5.306858e+01
0.000000e+00
-6.034312e+01
0.000000e+00
-4.167041e+05
0.000000e+00
-5.568191e+01
0.000000e+00
-9.142913e+01
0.000000e+00
-7.215905e+01
0.000000e+00
-7.312856e+01
0.000000e+00
-5.604701e+01
0.000000e+00
-6.585211e+01
0.000000e+00
-6.873294e+01
0.000000e+00
-8.837600e+01
0.000000e+00
-6.477940e+01
0.000000e+00
-7.406877e+01
0.000000e+00
-7.426967e+01
0.000000e+00
-5.974796e+01
0.000000e+00
-5.431642e+01
0.000000e+00
-5.126800e+01
0.000000e+00
-6.326729e+01
0.000000e+00
-6.432265e+01
0.000000e+00
-5.548850e+01
0.000000e+00
-5.183134e+01
0.000000e+00
-6.588437e+01
0.000000e+00
-6.341987e+01
0.000000e+00
-7.382587e+01
0.000000e+00
-4.222761e+01
0.000000e+00
-4.868200e+01
0.000000e+00
-7.712421e+01
0.000000e+00
-8.467026e+01
0.000000e+00
-6.831367e+01
0.000000e+00
-4.442486e+01
0.000000e+00
-5.789287e+01
0.000000e+00
-3.465619e+01
0.000000e+00
-5.338610e+01
0.000000e+00
-3.494406e+01
0.000000e+00
-7.365334e+01
0.000000e+00
-5.104534e+01
0.000000e+00
-4.606870e+01
0.000000e+00
-5.347569e+01
0.000000e+00
-8.094440e+01
0.000000e+00
-6.084516e+01
0.000000e+00
-6.542995e+01
0.000000e+00
-5.940675e+01
0.000000e+00
-6.999167e+01
0.000000e+00
-7.538939e+01
0.000000e+00
-7.337885e+01
0.000000e+00
-7.115652e+01
0.000000e+00
-3.561927e+01
0.000000e+00
-7.421672e+01
0.000000e+00
-4.504999e+01
0.000000e+00
-8.487008e+01
0.000000e+00
-5.277326e+01
0.000000e+00
-6.047030e+01
0.000000e+00
-7.245506e+01
0.000000e+00
-8.411833e+01
0.000000e+00
-6.128684e+01
0.000000e+00
-8.853342e+01
0.000000e+00
-6.756333e+01
0.000000e+00
-5.063144e+01
0.000000e+00
-3.854178e+01
0.000000e+00
-7.639550e+01
0.000000e+00
-6.445063e+01
0.000000e+00
-5.608079e+01
0.000000e+00
-5.656652e+01
0.000000e+00
-8.088981e+01
0.000000e+00
-7.729473e+01
0.000000e+00
-6.939430e+01
0.000000e+00
-5.085991e+01
0.000000e+00
-5.679311e+01
0.000000e+00
-5.903903e+01
0.000000e+00
-5.681242e+01
0.000000e+00
-4.905307e+01
0.000000e+00
-6.231287e+01
0.000000e+00
-4.677060e+01
0.000000e+00
-4.354507e+01
0.000000e+00
-6.369765e+01
0.000000e+00
-6.634109e+01
0.000000e+00
-7.559045e+01
0.000000e+00
-6.388707e+01
0.000000e+00
-6.996227e+01
0.000000e+00
-8.427819e+01
0.000000e+00
-6.232539e+01
0.000000e+00
-5.442702e+01
0.000000e+00
-6.170102e+01
0.000000e+00
-5.426074e+01
0.000000e+00
-5.950773e+01
0.000000e+00
-3.996938e+01
0.000000e+00
-7.082742e+01
0.000000e+00
-5.517387e+01
0.000000e+00
-5.774461e+01
0.000000e+00
-4.970926e+01
0.000000e+00
-5.572002e+01
0.000000e+00
-8.013054e+01
0.000000e+00
-6.419995e+01
0.000000e+00
-5.956248e+01
0.000000e+00
-6.614509e+01
0.000000e+00
-6.653460e+01
0.000000e+00
-4.602844e+01
0.000000e+00
-7.315037e+01
0.000000e+00
-6.510617e+01
0.000000e+00
-8.190163e+01
0.000000e+00
-6.225036e+01
0.000000e+00
-5.938079e+01
0.000000e+00
-5.647841e+01
0.000000e+00
-4.658529e+01
0.000000e+00
-5.676627e+01
0.000000e+00
-6.906209e+01
0.000000e+00
-6.218350e+01
0.000000e+00
-7.055275e+01
0.000000e+00
-6.477615e+01
0.000000e+00
-7.661935e+01
0.000000e+00
-6.735625e+01
0.000000e+00
-7.911495e+01
0.000000e+00
-6.034445e+01
0.000000e+00
-7.740646e+01
0.000000e+00
-4.988024e+01
0.000000e+00
-8.153029e+01
0.000000e+00
-6.958455e+01
0.000000e+00
-3.112635e+01
0.000000e+00
-5.021961e+01
0.000000e+00
-6.011347e+01
0.000000e+00
-5.859605e+01
0.000000e+00
-6.272543e+01
0.000000e+00
-5.244135e+01
0.000000e+00
-4.567344e+01
0.000000e+00
-7.819225e+01
0.000000e+00
-6.887528e+01
0.000000e+00
-5.357297e+01
0.000000e+00
-6.268103e+01
0.000000e+00
-5.129302e+01
0.000000e+00
-4.618506e+01
0.000000e+00
-4.254617e+01
0.000000e+00
-4.719734e+01
0.000000e+00
-5.817223e+01
0.000000e+00
-6.747587e+01
0.000000e+00
-6.323070e+01
0.000000e+00
-4.547544e+01
0.000000e+00
-5.035128e+01
0.000000e+00
-4.483576e+01
0.000000e+00
-5.683567e+01
0.000000e+00
-5.826172e+01
0.000000e+00
-9.193034e+01
0.000000e+00
-7.911834e+01
0.000000e+00
-6.476281e+01
0.000000e+00
-5.430926e+01
0.000000e+00
-6.372216e+01
0.000000e+00
-8.094336e+01
0.000000e+00
-7.234480e+01
0.000000e+00
-5.511576e+01
0.000000e+00
-7.550340e+01
0.000000e+00
-6.018925e+01
0.000000e+00
-6.728835e+01
0.000000e+00
-7.715498e+01
0.000000e+00
-7.313768e+01
0.000000e+00
-4.938412e+01
0.000000e+00
-5.416756e+01
0.000000e+00
-4.770339e+01
0.000000e+00
-5.916849e+01
0.000000e+00
-4.893092e+01
0.000000e+00
-9.317290e+01
0.000000e+00
-5.134927e+01
0.000000e+00
-5.233507e+01
0.000000e+00
-5.976409e+01
0.000000e+00
-6.293595e+01
0.000000e+00
-4.171888e+01
0.000000e+00
-5.263980e+01
0.000000e+00
-5.225240e+01
0.000000e+00
-5.480526e+01
0.000000e+00
-6.240837e+01
0.000000e+00
-5.944505e+01
0.000000e+00
-7.156834e+01
0.000000e+00
-7.082326e+01
0.000000e+00
-6.320478e+01
0.000000e+00
-5.257111e+01
0.000000e+00
-7.162788e+01
0.000000e+00
-7.964218e+01
0.000000e+00
-5.606981e+01
0.000000e+00
-6.963714e+01
0.000000e+00
-5.343427e+01
0.000000e+00
-6.124756e+01
0.000000e+00
-5.179815e+01
0.000000e+00
-6.180773e+01
0.000000e+00
-6.379783e+01
0.000000e+00
-6.901555e+01
0.000000e+00
-7.299891e+01
0.000000e+00
-5.638075e+01
0.000000e+00
-4.722775e+01
0.000000e+00
-8.714603e+01
0.000000e+00
-7.497263e+01
0.000000e+00
-6.669985e+01
0.000000e+00
-5.798765e+01
0.000000e+00
-6.924952e+01
0.000000e+00
-5.057865e+01
0.000000e+00
-6.000782e+01
0.000000e+00
-4.584928e+01
0.000000e+00
-7.005987e+01
0.000000e+00
-4.553542e+01
0.000000e+00
-1.009347e+02
0.000000e+00
-6.747371e+01
0.000000e+00
-6.997044e+01
0.000000e+00
-7.792560e+01
0.000000e+00
-5.056992e+01
0.000000e+00
-5.117092e+01
0.000000e+00
-8.586078e+01
0.000000e+00
-4.945019e+01
0.000000e+00
-6.001500e+01
0.000000e+00
-6.072488e+01
0.000000e+00
-7.776234e+01
0.000000e+00
-5.908084e+01
0.000000e+00
-6.958867e+01
0.000000e+00
-5.538838e+01
0.000000e+00
-9.268458e+01
0.000000e+00
-5.501022e+01
0.000000e+00
-8.340524e+01
0.000000e+00
-5.527182e+01
0.000000e+00
-7.703685e+01
0.000000e+00
-6.009355e+01
0.000000e+00
-7.498447e+01
0.000000e+00
-8.484169e+01
0.000000e+00
-9.399009e+01
0.000000e+00
-5.920886e+01
0.000000e+00
-5.000195e+01
0.000000e+00
-6.894661e+01
0.000000e+00
-8.847391e+01
0.000000e+00
-8.071801e+01
0.000000e+00
-9.186199e+01
0.000000e+00
-6.348565e+01
0.000000e+00
-9.382021e+01
0.000000e+00
-5.889800e+01
0.000000e+00
-8.074538e+01
0.000000e+00
-9.151209e+01
0.000000e+00
-6.172868e+01
0.000000e+00
-7.415484e+01
0.000000e+00
-5.894040e+01
0.000000e+00
-4.542224e+01
0.000000e+00
-6.129439e+01
0.000000e+00
-4.859241e+01
0.000000e+00
-6.807315e+01
0.000000e+00
-8.513638e+01
0.000000e+00
-6.159094e+01
0.000000e+00
-6.916407e+01
0.000000e+00
-7.285642e+01
0.000000e+00
-5.268604e+01
0.000000e+00
-5.623846e+01
0.000000e+00
-6.414296e+01
0.000000e+00
-7.939136e+01
0.000000e+00
-3.902291e+01
0.000000e+00
-6.300277e+01
0.000000e+00
-8.361640e+01
0.000000e+00
-5.776050e+01
0.000000e+00
-7.171816e+01
0.000000e+00
-6.423309e+01
0.000000e+00
-7.956925e+01
0.000000e+00
-9.176050e+01
0.000000e+00
-5.910032e+01
0.000000e+00
-6.294885e+01
0.000000e+00
-7.518465e+01
0.000000e+00
-5.117493e+01
0.000000e+00
-4.680603e+01
0.000000e+00
-5.918363e+01
0.000000e+00
-4.839881e+01
0.000000e+00
-8.905486e+01
0.000000e+00
-5.737174e+01
0.000000e+00
-5.001184e+01
0.000000e+00
-5.333164e+01
0.000000e+00
-6.312809e+01
0.000000e+00
-8.896393e+01
0.000000e+00
-6.144023e+01
0.000000e+00
-5.463467e+01
0.000000e+00
-6.165011e+01
0.000000e+00
-7.146805e+01
0.000000e+00
-7.475313e+01
0.000000e+00
-5.668023e+01
0.000000e+00
-8.457419e+01
0.000000e+00
-4.167056e+05
0.000000e+00
-8.643996e+01
0.000000e+00
-8.139037e+01
0.000000e+00
-7.413009e+01
0.000000e+00
-7.939060e+01
0.000000e+00
-4.656179e+01
0.000000e+00
-5.566056e+01
0.000000e+00
-7.429487e+01
0.000000e+00
-7.607194e+01
0.000000e+00
-6.326622e+01
0.000000e+00
-6.705983e+01
0.000000e+00
-5.575977e+01
0.000000e+00
-6.394780e+01
0.000000e+00
-7.701313e+01
0.000000e+00
-8.475105e+01
0.000000e+00
-4.167027e+05
0.000000e+00
-5.658898e+01
0.000000e+00
-5.368060e+01
0.000000e+00
-6.965009e+01
0.000000e+00
-7.539178e+01
0.000000e+00
-5.243578e+01
0.000000e+00
-7.045173e+01
0.000000e+00
-4.214638e+01
0.000000e+00
-3.991856e+01
0.000000e+00
-7.051151e+01
0.000000e+00
-6.786413e+01
0.000000e+00
-5.023084e+01
0.000000e+00
-6.445279e+01
0.000000e+00
-7.520414e+01
0.000000e+00
-5.496053e+01
0.000000e+00
-5.550318e+01
0.000000e+00
-7.788729e+01
0.000000e+00
-6.357355e+01
0.000000e+00
-5.695917e+01
0.000000e+00
-4.802765e+01
0.000000e+00
-4.525938e+01
0.000000e+00
-6.449519e+01
0.000000e+00
-7.910879e+01
0.000000e+00
-6.627256e+01
0.000000e+00
-6.426792e+01
0.000000e+00
-7.853371e+01
0.000000e+00
-8.750293e+01
0.000000e+00
-7.986443e+01
0.000000e+00
-7.701720e+01
0.000000e+00
-6.504804e+01
0.000000e+00
-5.440927e+01
0.000000e+00
-6.692323e+01
0.000000e+00
-8.688436e+01
0.000000e+00
-7.733671e+01
0.000000e+00
-8.260550e+01
0.000000e+00
-7.979312e+01
0.000000e+00
-5.136033e+01
0.000000e+00
-6.554643e+01
0.000000e+00
-4.832867e+01
0.000000e+00
-5.776787e+01
0.000000e+00
-6.579970e+01
0.000000e+00
-6.949651e+01
0.000000e+00
-6.879329e+01
0.000000e+00
-7.577295e+01
0.000000e+00
-6.039212e+01
0.000000e+00
-5.964453e+01
0.000000e+00
-6.401371e+01
0.000000e+00
-7.757945e+01
0.000000e+00
-6.244117e+01
0.000000e+00
-8.733740e+01
0.000000e+00
-6.687458e+01
0.000000e+00
-7.917933e+01
0.000000e+00
-5.413759e+01
0.000000e+00
-4.435297e+01
0.000000e+00
-5.907584e+01
0.000000e+00
-6.808890e+01
0.000000e+00
-6.077509e+01
0.000000e+00
-7.616045e+01
0.000000e+00
-5.296271e+01
0.000000e+00
-4.929301e+01
0.000000e+00
-7.392372e+01
0.000000e+00
-6.095985e+01
0.000000e+00
-6.019798e+01
0.000000e+00
-6.754565e+01
0.000000e+00
-5.860847e+01
0.000000e+00
-5.788666e+01
0.000000e+00
-6.754890e+01
0.000000e+00
-5.606918e+01
0.000000e+00
-6.948666e+01
0.000000e+00
-7.757085e+01
0.000000e+00
-6.067945e+01
0.000000e+00
-6.255177e+01
0.000000e+00
-5.020277e+01
0.000000e+00
-5.515116e+01
0.000000e+00
-6.513297e+01
0.000000e+00
-1.001628e+02
0.000000e+00
-7.370566e+01
0.000000e+00
-7.939161e+01
0.000000e+00
-7.581117e+01
0.000000e+00
-5.647338e+01
0.000000e+00
-6.350741e+01
0.000000e+00
-8.071979e+01
0.000000e+00
-7.311388e+01
0.000000e+00
-7.583000e+01
0.000000e+00
-6.530075e+01
0.000000e+00
-7.429168e+01
0.000000e+00
-6.035338e+01
0.000000e+00
-7.687911e+01
0.000000e+00
-6.283609e+01
0.000000e+00
-6.379293e+01
0.000000e+00
-6.803463e+01
0.000000e+00
-7.086249e+01
0.000000e+00
-6.857774e+01
0.000000e+00
-6.060930e+01
0.000000e+00
-6.712757e+01
0.000000e+00
-7.057541e+01
0.000000e+00
-8.543273e+01
0.000000e+00
-6.077149e+01
0.000000e+00
-7.300837e+01
0.000000e+00
-8.426511e+01
0.000000e+00
-3.103471e+01
0.000000e+00
-8.486450e+01
0.000000e+00
-5.580374e+01
0.000000e+00
-7.078457e+01
0.000000e+00
-5.047844e+01
0.000000e+00
-7.863389e+01
0.000000e+00
-7.093168e+01
0.000000e+00
-6.963641e+01
0.000000e+00
-5.330145e+01
0.000000e+00
-4.993009e+01
0.000000e+00
-6.396926e+01
0.000000e+00
-8.121817e+01
0.000000e+00
-7.121197e+01
0.000000e+00
-7.018467e+01
0.000000e+00
-6.370116e+01
0.000000e+00
-7.500327e+01
0.000000e+00
-6.355124e+01
0.000000e+00
-5.778186e+01
0.000000e+00
-7.405795e+01
0.000000e+00
-7.620659e+01
0.000000e+00
-7.396804e+01
0.000000e+00
-5.995954e+01
0.000000e+00
-6.654967e+01
0.000000e+00
-6.888545e+01
0.000000e+00
-5.908643e+01
0.000000e+00
-7.173261e+01
0.000000e+00
-6.302537e+01
0.000000e+00
-7.679321e+01
0.000000e+00
-8.247539e+01
0.000000e+00
-6.121168e+01
0.000000e+00
-5.992893e+01
0.000000e+00
-7.848501e+01
0.000000e+00
-8.252699e+01
0.000000e+00
-6.602840e+01
0.000000e+00
-6.788996e+01
0.000000e+00
-6.525796e+01
0.000000e+00
-7.007081e+01
0.000000e+00
-7.227853e+01
0.000000e+00
-7.082542e+01
0.000000e+00
-5.815639e+01
0.000000e+00
-7.177203e+01
0.000000e+00
-5.783275e+01
0.000000e+00
-6.428637e+01
0.000000e+00
-6.583038e+01
0.000000e+00
-7.247411e+01
0.000000e+00
-7.656611e+01
0.000000e+00
-7.609866e+01
0.000000e+00
-5.616921e+01
0.000000e+00
-5.888321e+01
0.000000e+00
-6.764870e+01
0.000000e+00
-6.086004e+01
0.000000e+00
-5.661445e+01
0.000000e+00
-6.706074e+01
0.000000e+00
-6.377445e+01
0.000000e+00
-6.873361e+01
0.000000e+00
-9.180875e+01
0.000000e+00
-5.971773e+01
0.000000e+00
-7.615411e+01
0.000000e+00
-6.800870e+01
0.000000e+00
-8.152780e+01
0.000000e+00
-7.451611e+01
0.000000e+00
-8.111270e+01
0.000000e+00
-6.340974e+01
0.000000e+00
-8.395302e+01
0.000000e+00
-6.914442e+01
0.000000e+00
-8.551267e+01
0.000000e+00
-8.223718e+01
0.000000e+00
-4.167012e+05
0.000000e+00
-8.152823e+01
0.000000e+00
-6.344164e+01
0.000000e+00
-7.184311e+01
0.000000e+00
-7.589998e+01
0.000000e+00
-5.222179e+01
0.000000e+00
-7.133879e+01
0.000000e+00
-6.171154e+01
0.000000e+00
-8.286923e+01
0.000000e+00
-6.956250e+01
0.000000e+00
-8.168194e+01
0.000000e+00
-8.442804e+01
0.000000e+00
-6.782325e+01
0.000000e+00
-7.302539e+01
0.000000e+00
-6.760689e+01
0.000000e+00
-4.866033e+01
0.000000e+00
-5.991569e+01
0.000000e+00
-8.654633e+01
0.000000e+00
-6.005225e+01
0.000000e+00
-8.225367e+01
0.000000e+00
-7.965368e+01
0.000000e+00
-7.898867e+01
0.000000e+00
-6.061421e+01
0.000000e+00
-5.933303e+01
0.000000e+00
-7.417944e+01
0.000000e+00
-5.905823e+01
0.000000e+00
-5.997001e+01
0.000000e+00
-5.383780e+01
0.000000e+00
-7.791288e+01
0.000000e+00
-5.454984e+01
0.000000e+00
-7.497516e+01
0.000000e+00
-7.082428e+01
0.000000e+00
-5.828731e+01
0.000000e+00
-7.734810e+01
0.000000e+00
-5.240970e+01
0.000000e+00
-6.590825e+01
0.000000e+00
-5.879296e+01
0.000000e+00
-6.030423e+01
0.000000e+00
-9.368506e+01
0.000000e+00
-6.947256e+01
0.000000e+00
-6.098659e+01
0.000000e+00
-1.026384e+02
0.000000e+00
-5.154331e+01
0.000000e+00
-6.332615e+01
0.000000e+00
-8.416066e+01
0.000000e+00
-5.453539e+01
0.000000e+00
-5.886855e+01
0.000000e+00
-6.107379e+01
0.000000e+00
-6.551219e+01
0.000000e+00
-7.929361e+01
0.000000e+00
-5.954640e+01
0.000000e+00
-6.117716e+01
0.000000e+00
-6.772039e+01
0.000000e+00
-8.119758e+01
0.000000e+00
-5.210952e+01
0.000000e+00
-6.404481e+01
0.000000e+00
-7.777430e+01
0.000000e+00
-6.641820e+01
0.000000e+00
-7.169480e+01
0.000000e+00
-8.081455e+01
0.000000e+00
-9.703654e+01
0.000000e+00
-6.274340e+01
0.000000e+00
-5.808873e+01
0.000000e+00
-5.609785e+01
0.000000e+00
-8.495441e+01
0.000000e+00
-6.517537e+01
0.000000e+00
-4.780279e+01
0.000000e+00
-5.360329e+01
0.000000e+00
-6.709720e+01
0.000000e+00
-7.291159e+01
0.000000e+00
-8.319672e+01
0.000000e+00
-4.111556e+01
0.000000e+00
-7.921237e+01
0.000000e+00
-8.585371e+01
0.000000e+00
-6.203087e+01
0.000000e+00
-6.040699e+01
0.000000e+00
-5.178304e+01
0.000000e+00
-7.275656e+01
0.000000e+00
-7.737350e+01
0.000000e+00
-5.381240e+01
0.000000e+00
-8.527188e+01
0.000000e+00
-6.342156e+01
0.000000e+00
-5.143723e+01
0.000000e+00
-7.345244e+01
0.000000e+00
-8.557621e+01
0.000000e+00
-7.561697e+01
0.000000e+00
-5.762450e+01
0.000000e+00
-7.393902e+01
0.000000e+00
-4.537653e+01
0.000000e+00
-8.378973e+01
0.000000e+00
-6.345046e+01
0.000000e+00
-6.976965e+01
0.000000e+00
-5.071140e+01
0.000000e+00
-6.050882e+01
0.000000e+00
-5.888016e+01
0.000000e+00
-7.320177e+01
0.000000e+00
-6.522172e+01
0.000000e+00
-6.859088e+01
0.000000e+00
-6.588214e+01
0.000000e+00
-5.565907e+01
0.000000e+00
-6.981305e+01
0.000000e+00
-7.142323e+01
0.000000e+00
-4.692525e+01
0.000000e+00
-4.644006e+01
0.000000e+00
-6.013562e+01
0.000000e+00
-6.924047e+01
0.000000e+00
-4.167098e+05
0.000000e+00
-6.211515e+01
0.000000e+00
-6.667383e+01
0.000000e+00
-6.029697e+01
0.000000e+00
-6.414768e+01
0.000000e+00
-8.389173e+01
0.000000e+00
-7.984585e+01
0.000000e+00
-6.916113e+01
0.000000e+00
-6.104866e+01
0.000000e+00
-7.271660e+01
0.000000e+00
-7.013290e+01
0.000000e+00
-8.154502e+01
0.000000e+00
-7.229537e+01
0.000000e+00
-7.549432e+01
0.000000e+00
-5.331643e+01
0.000000e+00
-7.128761e+01
0.000000e+00
-5.991947e+01
0.000000e+00
-4.166961e+05
0.000000e+00
-4.741778e+01
0.000000e+00
-8.017925e+01
0.000000e+00
-5.315451e+01
0.000000e+00
-7.406337e+01
0.000000e+00
-8.847787e+01
0.000000e+00
-5.972641e+01
0.000000e+00
-6.954618e+01
0.000000e+00
-6.227102e+01
0.000000e+00
-7.568172e+01
0.000000e+00
-6.157055e+01
0.000000e+00
-8.071215e+01
0.000000e+00
-7.226371e+01
0.000000e+00
-8.260363e+01
0.000000e+00
-6.807086e+01
0.000000e+00
-5.917413e+01
0.000000e+00
-7.708978e+01
0.000000e+00
-5.975524e+01
0.000000e+00
-6.976403e+01
0.000000e+00
-4.265011e+01
0.000000e+00
-5.752295e+01
0.000000e+00
-5.267092e+01
0.000000e+00
-9.554475e+01
0.000000e+00
-7.351868e+01
0.000000e+00
-5.504204e+01
0.000000e+00
-7.020433e+01
0.000000e+00
-7.384189e+01
0.000000e+00
-6.201719e+01
0.000000e+00
-7.323242e+01
0.000000e+00
-5.796012e+01
0.000000e+00
-6.590851e+01
0.000000e+00
-6.254059e+01
0.000000e+00
-8.373487e+01
0.000000e+00
-4.562944e+01
0.000000e+00
-3.334520e+01
0.000000e+00
-4.166995e+05
0.000000e+00
-6.172950e+01
0.000000e+00
-6.382347e+01
0.000000e+00
-8.925052e+01
0.000000e+00
-5.256785e+01
0.000000e+00
-6.019737e+01
0.000000e+00
-4.673375e+01
0.000000e+00
-5.450153e+01
0.000000e+00
-6.346103e+01
0.000000e+00
-8.221925e+01
0.000000e+00
-7.447230e+01
0.000000e+00
-6.160464e+01
0.000000e+00
-6.031811e+01
0.000000e+00
-6.972829e+01
0.000000e+00
-6.164618e+01
0.000000e+00
-6.610122e+01
0.000000e+00
-9.189632e+01
0.000000e+00
-7.398083e+01
0.000000e+00
-8.169565e+01
0.000000e+00
-6.712360e+01
0.000000e+00
-7.050737e+01
0.000000e+00
-7.909492e+01
0.000000e+00
-7.016690e+01
0.000000e+00
-8.907316e+01
0.000000e+00
-4.189451e+01
0.000000e+00
-5.076565e+01
0.000000e+00
-8.844473e+01
0.000000e+00
-7.630995e+01
0.000000e+00
-6.122825e+01
0.000000e+00
-5.379324e+01
0.000000e+00
-7.503473e+01
0.000000e+00
-6.728023e+01
0.000000e+00
-8.246307e+01
0.000000e+00
-7.094597e+01
0.000000e+00
-7.827421e+01
0.000000e+00
-6.182151e+01
0.000000e+00
-5.136969e+01
0.000000e+00
-6.510344e+01
0.000000e+00
-6.401609e+01
0.000000e+00
-7.217563e+01
0.000000e+00
-7.003552e+01
0.000000e+00
-5.973403e+01
0.000000e+00
-5.710052e+01
0.000000e+00
-5.749508e+01
0.000000e+00
-5.282702e+01
0.000000e+00
-6.375106e+01
0.000000e+00
-4.715045e+01
0.000000e+00
-5.262617e+01
0.000000e+00
-5.528486e+01
0.000000e+00
-6.589355e+01
0.000000e+00
-4.693884e+01
0.000000e+00
-9.484531e+01
0.000000e+00
-7.429381e+01
0.000000e+00
-6.885464e+01
0.000000e+00
-7.638469e+01
0.000000e+00
-7.884756e+01
0.000000e+00
-8.234117e+01
0.000000e+00
-6.137469e+01
0.000000e+00
-6.178981e+01
0.000000e+00
-5.352174e+01
0.000000e+00
-8.402721e+01
0.000000e+00
-6.213420e+01
0.000000e+00
-4.795647e+01
0.000000e+00
-6.330126e+01
0.000000e+00
-4.230215e+01
0.000000e+00
-7.390786e+01
0.000000e+00
-7.611354e+01
0.000000e+00
-6.257243e+01
0.000000e+00
-4.995319e+01
0.000000e+00
-5.425364e+01
0.000000e+00
-6.750609e+01
0.000000e+00
-6.393177e+01
0.000000e+00
-6.091922e+01
0.000000e+00
-8.177733e+01
0.000000e+00
-8.732491e+01
0.000000e+00
-7.366603e+01
0.000000e+00
-8.002356e+01
0.000000e+00
-6.067890e+01
0.000000e+00
-6.452221e+01
0.000000e+00
-6.934962e+01
0.000000e+00
-6.556328e+01
0.000000e+00
-5.919926e+01
0.000000e+00
-6.519470e+01
0.000000e+00
-5.071523e+01
0.000000e+00
-5.702988e+01
0.000000e+00
-8.237777e+01
0.000000e+00
-5.832015e+01
0.000000e+00
-5.840500e+01
0.000000e+00
-6.001521e+01
0.000000e+00
-7.339656e+01
0.000000e+00
-8.678611e+01
0.000000e+00
-5.900398e+01
0.000000e+00
-7.499440e+01
0.000000e+00
-8.130932e+01
0.000000e+00
-6.373056e+01
0.000000e+00
-6.959525e+01
0.000000e+00
-6.190755e+01
0.000000e+00
-5.475073e+01
0.000000e+00
-7.770697e+01
0.000000e+00
-5.446490e+01
0.000000e+00
-5.804735e+01
0.000000e+00
-5.316740e+01
0.000000e+00
-9.667146e+01
0.000000e+00
-6.698231e+01
0.000000e+00
-4.295970e+01
0.000000e+00
-8.599686e+01
0.000000e+00
-4.692034e+01
0.000000e+00
-7.423460e+01
0.000000e+00
-9.145873e+01
0.000000e+00
-6.276214e+01
0.000000e+00
-3.902254e+01
0.000000e+00
-8.241634e+01
0.000000e+00
-4.925682e+01
0.000000e+00
-4.406308e+01
0.000000e+00
-4.963784e+01
0.000000e+00
-8.571857e+01
0.000000e+00
-7.877073e+01
0.000000e+00
-7.540232e+01
0.000000e+00
-9.312003e+01
0.000000e+00
-8.028938e+01
0.000000e+00
-5.966128e+01
0.000000e+00
-5.499094e+01
0.000000e+00
-8.693972e+01
0.000000e+00
-7.051803e+01
0.000000e+00
-6.255784e+01
0.000000e+00
-9.266577e+01
0.000000e+00
-7.386278e+01
0.000000e+00
-6.239310e+01
