1000
0.00130314
0.000752055
-0.000172739
0.000754913
2.07718e-05
6.46776e-05
-0.000369582
0.000538056
-0.000368139
-9.83198e-05
0.000547394
0.000870739
0.000248113
0.00138462
0.000188767
0.000713819
0.00110682
0.000306491
0.000191481
-0.000169713
0.000324938
0.00115284
0.000924221
-7.24713e-05
0.000695305
-0.000211507
0.000499123
0.000145828
0.000200278
0.000254658
0.000271463
0.000248055
0.000680299
0.00115071
0.000548691
-0.000293183
0.00120689
6.59958e-06
0.00129787
-0.000214054
0.00146112
0.000511703
0.00111847
0.00128086
0.000206063
7.8711e-06
0.000233302
0.000366371
0.000239241
0.00136543
0.000852837
-0.000155369
-0.000287104
0.00107025
-0.000273516
0.000926456
0.00116563
0.000177007
-0.000165303
0.000343892
0.00120794
-0.000167835
-8.79889e-05
-0.000362162
0.00102507
7.88485e-06
0.000535709
0.00108245
0.00100551
0.000859928
0.00127408
0.00121
0.000374501
0.00124561
0.000945372
-0.000156391
-0.000108342
0.000243876
8.62843e-05
0.000666997
0.000995821
0.000803422
0.00132624
0.00122754
-0.000163366
0.00125667
5.85584e-05
-0.0001502
0.000354905
-0.000322943
0.000341114
0.000479718
-9.40678e-05
0.000215865
0.000890542
0.000445234
-0.000329046
1.77167e-05
0.000233328
0.000424773
0.000597691
0.00105304
5.0575e-05
0.00102791
-0.000377449
0.00119794
0.000483511
0.000369943
0.000878881
0.00101377
0.000363117
-0.00036035
-0.000319593
3.31998e-05
0.00137612
0.000768555
0.00132616
0.000561841
0.000738494
-0.000164051
0.000305675
-0.000300581
0.00119972
5.04143e-06
-0.000253114
0.00111927
-9.95302e-05
0.00045876
0.00057163
0.00027352
0.000127815
0.00130988
0.000369811
0.000234924
-0.000185851
-7.65863e-06
0.00115932
-0.000129104
-5.86734e-05
0.00057427
-0.000373498
-0.000367255
0.000877351
0.00121056
0.000475384
0.00121569
0.000320478
0.000989528
0.000737683
0.000419351
0.000564977
-0.000134117
0.000796049
0.000121375
0.000446066
0.00119215
-0.000356792
1.2104e-05
0.000329137
0.000256102
0.00113211
0.000909135
0.00123031
0.00138219
0.000999747
0.000266
0.000385044
0.00080694
0.000794576
0.000113693
0.00116443
0.000513921
0.000274454
0.000660032
0.000833819
3.28285e-05
0.000635119
0.00101373
-2.06699e-05
-0.000218432
0.000442556
-0.000263103
0.000119619
-0.000192058
0.000406388
-0.000117974
0.000375545
0.00121372
0.000343011
0.001073
0.000473738
-2.85154e-05
-0.000295213
9.46641e-05
0.000409671
0.00012707
0.000482138
0.000250102
0.00119487
0.000246955
-0.000167988
0.00129729
0.00133658
0.000658975
0.000182126
-0.000144528
0.00106901
-0.00018429
-0.00015709
5.51842e-05
0.000687709
5.44022e-05
3.32943e-05
0.000354149
5.57042e-05
-3.68233e-05
-0.000390927
-0.0003146
0.000553136
-0.00021209
0.00105715
-0.00028949
0.000948769
-0.000149385
0.000495285
0.000308296
-0.000178038
4.73218e-06
8.04771e-05
0.000496734
0.000613047
-7.78613e-05
4.32154e-06
-4.31499e-05
0.000998229
0.000762618
-0.000157016
0.000812405
0.000384347
0.000965418
0.000930592
0.00054581
6.56851e-05
-0.000264333
0.000542664
-2.67155e-05
0.000339141
0.00106985
0.000612961
0.000740571
0.00036001
0.000677402
0.000464468
0.00118254
0.00122702
0.000705986
0.000409053
0.000903482
0.000504519
0.00129787
0.000745155
0.000527716
0.000980838
0.000446651
0.000602567
0.000866757
0.00048229
0.00119353
0.000583811
0.00131649
0.000695942
0.00133107
0.00112098
0.00012964
-0.000207998
0.000699589
0.000660761
0.00124199
0.0010287
0.000278307
0.000442181
-0.000434836
-0.000270507
0.000573805
0.000323124
-0.000373707
0.000171474
-0.000196777
0.00118386
0.00131184
9.20219e-05
0.00142568
0.000469227
0.000582814
-5.79532e-05
0.000869583
0.000346486
0.000131626
0.00105805
0.000163124
0.000868323
-0.000158246
-0.000359955
0.000115778
0.000954911
0.00129185
0.00132558
0.00068068
2.67231e-05
0.00108756
0.000890394
0.000899543
0.00112748
-0.00038058
0.00121449
-0.00040742
0.00146584
-6.15164e-05
0.00118693
-0.000133844
0.000865925
8.84485e-05
-7.09268e-06
-0.00038402
0.00049459
0.000622356
0.000943906
0.000728558
0.00103356
0.000668942
0.000336487
-0.000388134
0.000137029
0.000497725
0.000623776
0.00123374
6.39461e-05
-4.53561e-05
0.000731186
0.000715255
0.000984725
0.00091063
-0.000399479
-4.8043e-05
-0.000311761
0.000657808
-3.00994e-05
-3.21688e-05
0.000128502
0.000496901
0.00113792
0.000446746
6.31122e-05
0.000588659
-0.00015562
-0.000140618
0.000469215
-0.000227257
0.00014252
0.000713045
0.000783442
0.00109486
-9.9652e-05
-0.00030189
0.00129075
0.00121278
0.00074565
0.000528565
0.000673422
-0.000254764
0.000223297
-7.27625e-05
0.00131844
-0.000158102
-0.000314281
0.00030801
-4.90548e-05
0.000199544
0.000279978
0.000142334
0.000918649
0.000324772
0.000892839
8.65382e-06
0.000745467
0.00119004
5.15332e-05
7.75177e-05
0.000347638
0.000625363
0.000182592
-0.000420263
0.00145194
0.000612076
0.000492089
0.00119766
0.000876112
0.000154417
0.000273844
1.27425e-06
0.000534775
6.9397e-05
0.000305568
0.000868043
0.000796144
-0.00039541
0.0011842
-6.84968e-05
0.000330884
0.000666259
-0.000405504
0.000306525
-0.000355729
0.0011057
-0.000382127
0.000931802
0.000229194
0.00045384
0.000423688
-0.000191619
0.000501349
0.000558558
0.00078561
-0.000296073
0.0013169
0.000267061
-0.000203572
0.000696302
0.000453233
0.00137979
0.000826463
0.0007235
0.000526176
0.000739762
-0.000108164
-0.000271846
-0.000365216
0.000511967
-4.14162e-05
0.000362147
0.00129272
0.00041096
0.00115439
-6.86741e-05
0.00135066
4.51758e-05
-4.9634e-05
0.00037917
0.000998681
0.00146307
-0.000205139
0.000148054
-1.81615e-05
0.00106308
0.00124781
-0.00027811
0.000651416
0.000754684
0.000265649
4.4359e-05
0.000902873
0.000164883
0.00111517
0.00118841
-4.71681e-05
0.00132429
-0.000433709
0.00101287
-2.71703e-05
0.00108839
-0.00033465
0.000631449
-0.000158934
0.00120906
0.00125185
0.000219292
0.0001374
0.000271117
0.000343783
-0.00035977
-0.000391346
-0.000147357
0.00107017
9.3525e-05
0.00116878
0.000232866
0.00123657
0.000982498
0.00113055
-1.78938e-05
6.58995e-05
0.00109434
-0.00018324
2.50168e-05
0.00125151
0.00102442
0.00117803
0.000124225
0.000141526
0.00112549
0.000787615
0.00120783
3.69375e-05
-0.000385572
0.00116527
0.000486789
0.00118332
0.000883708
0.000257519
-3.85666e-05
0.0010716
0.000602324
0.000561431
0.000161189
0.000805334
0.000190651
6.42246e-05
-0.000251887
1.02847e-05
0.000632284
0.000707378
0.00118822
0.000738173
0.00119255
0.0010367
0.000703199
-0.000210597
0.000478805
-0.000133666
0.000190481
-5.07637e-05
-0.000136985
0.000672648
0.00110032
0.00135805
-0.000302828
0.00123476
-0.000342999
-0.000228384
-0.000196549
0.000329639
0.000808095
0.000762699
0.000842203
-2.96446e-05
-0.000313497
0.00012786
0.00013237
0.00122969
8.29527e-05
0.000285208
-0.000218617
5.40631e-05
0.000759718
0.000775518
0.000315805
-5.55617e-05
0.000467694
-0.000237455
-0.000407141
6.34251e-06
-0.000128602
0.000663227
-9.16847e-05
0.000943629
0.00040799
0.000969006
0.00117491
0.000639228
0.000188173
0.000850795
0.00130956
0.00105487
-0.000393673
0.000902769
-0.00038879
0.000223011
-1.56222e-05
0.000572486
0.00118621
0.000154727
0.000551282
-0.000250116
2.20913e-05
0.00139969
-2.29851e-05
-0.000330194
0.00103139
-0.000355074
0.000140132
0.00115027
0.00110941
0.000254046
0.000709154
-0.000411623
0.000664454
0.00104826
0.000281115
0.000975641
2.98385e-05
0.000844829
0.000988754
0.00103846
0.000700875
0.000639957
0.000123403
-0.000153131
0.000334878
0.000683386
7.06801e-05
0.000289508
0.00115495
0.0010532
-0.00022631
0.00034513
0.000153623
0.000224799
4.45454e-05
0.000138437
-9.08731e-06
0.00113752
0.00124682
-0.00013065
0.00104018
-0.000250076
-6.41595e-05
0.000604596
-8.68271e-05
-4.83572e-05
0.00106803
0.000396147
0.0011964
0.000646968
0.000256131
0.000880696
0.00143111
-0.000353049
0.000425941
0.00122813
0.0012728
0.000415381
0.00101675
0.000543438
0.00106448
0.00103063
0.000578117
0.000575997
-5.33715e-05
0.00037615
-0.000186974
-0.00037602
0.00122744
0.00113413
0.000560459
0.000375829
0.000762383
0.000175538
0.000722568
0.000942624
-2.96361e-05
0.00134941
0.00123843
-0.000354249
0.000981675
0.000958037
-0.000393339
0.00102309
0.00148299
-0.000243932
0.0010064
0.00100118
0.000100256
0.00143504
0.000795952
-4.44906e-05
0.000887085
0.000839401
0.000248324
0.00120011
0.000455163
0.00140084
0.00130577
-0.0003529
0.00042721
9.9618e-05
0.00119147
-0.000252691
-0.000307503
0.00150936
0.000803519
0.00130095
-0.000162481
-0.000338124
0.000484138
0.000835428
-0.000126522
0.000958775
0.00100162
-0.000343309
-0.000325757
-0.000212007
0.000683109
-0.000269106
0.00059615
0.000810743
-0.000119417
0.000981786
0.00106438
0.000569056
0.0012893
0.00122163
0.00113335
0.000600655
0.000913524
-0.000169906
0.000840523
0.000158541
0.00102583
0.000464068
0.000369887
0.000161048
-0.000157584
-0.000353892
-4.69073e-05
0.000857513
0.000632696
0.000726423
-7.22632e-05
0.000266318
0.00100682
0.00119258
6.40484e-05
0.00135932
-0.000411051
-0.000323681
-0.000336844
-6.02704e-05
0.000331262
0.000684428
0.000998522
-0.000232231
0.000741212
0.000181133
0.000767621
0.00118108
2.74027e-05
0.0011432
0.000636499
0.000454924
-2.77849e-05
-0.000154951
0.000501672
0.000472245
0.000949586
0.000490034
0.000103964
0.000908661
0.00079746
0.00103564
0.000364309
0.00130786
0.000761909
0.000463663
0.00106644
-0.000246716
0.00130407
-0.000284791
-0.000103903
-7.85149e-05
0.0009535
0.00122459
-0.000320524
0.00100612
0.00124574
0.000694739
0.000971851
0.000741544
-0.000265286
0.000352073
0.000500214
-0.000237326
0.000654931
0.00089463
-6.53877e-05
0.000190168
-4.71066e-05
-0.000411419
0.00124523
0.00105149
2.88203e-06
0.00033796
0.00044198
0.000513664
0.000329073
0.000102188
0.000861347
0.000756815
0.00104875
-0.000289359
0.00113462
-0.000318051
-0.00030124
0.00128159
0.000353404
0.0012968
0.000903652
0.00078815
0.000201176
-0.000134903
0.00106367
7.63576e-05
-0.000250024
0.000438272
0.000414503
0.000529686
0.000455292
0.00129401
0.00067612
0.000741711
0.00114844
0.000824925
0.000343197
0.00136845
0.00101569
-5.246e-05
0.00113718
0.000216069
0.00028243
0.000870476
0.000613183
6.50557e-05
0.00126013
0.00115077
0.00123008
0.00111482
0.000621924
0.000947407
0.000465211
0.000469948
0.000838464
0.000191012
-0.000251727
0.000703451
-0.00035221
0.00056302
-0.00030132
-8.60453e-05
0.000344493
0.000188475
0.00118251
0.00127159
-0.000203843
0.000801037
0.000341114
0.000127053
0.00049077
0.000547564
0.000298238
0.00131088
0.00137152
0.000694963
-6.11319e-05
-0.000226556
0.000364745
0.000263698
0.00154248
0.000982787
-0.000140188
0.000616086
0.000522276
-3.45541e-05
-6.56815e-05
0.00110022
-0.000251921
0.00120902
-0.000157784
2.30285e-05
-0.000158252
0.00129351
-0.000414525
0.000679151
0.000579294
-0.000364045
0.000555329
5.59718e-05
0.00120706
0.00108035
0.000829958
0.000483971
0.00138877
0.000467696
0.00107084
0.000510587
0.000597897
0.000977938
0.000122505
0.00133167
1.66861e-05
0.000812022
-0.000122622
0.0011204
9.89739e-05
0.000192934
-6.83564e-05
0.00141852
0.000307235
0.0012195
0.00109375
-0.000395753
0.00139699
0.00043051
0.000446359
0.000384443
0.000280156
0.000992616
0.000498721
0.00144844
0.00110603
0.000790733
0.000816008
0.00120028
-0.000246855
0.00120501
-0.0002537
-0.000331318
0.000695888
2.27958e-05
-0.000368056
0.000102758
0.00113519
-0.000287903
-0.000415583
0.000608814
0.00084829
0.000175986
-0.000351551
0.000382675
0.000523658
0.00122467
0.000897948
-0.000249284
0.00105272
-9.51219e-05
0.00124736
-0.000383117
0.000153019
0.00095142
0.000450824
9.44071e-05
-6.29366e-05
-0.000365221
0.00014662
0.000738861
0.00080169
-6.28106e-05
0.000927853
0.000982845
-4.21492e-05
8.4011e-05
0.000360169
3.60684e-05
-0.000137615
0.000767463
-0.000156879
-2.7397e-05
0.000684104
0.000472321
-0.000442431
0.00111173
-0.000192163
0.000370583
0.00121856
0.000395849
0.000805533
-9.48478e-05
0.000468104
0.000784536
0.000751724
1.15829e-05
-0.000317422
0.000717884
0.00136004
0.00124474
0.000311823
0.00027898
-6.20178e-06
0.000297409
0.000220596
0.000869567
0.000937795
-0.000113228
0.00106237
0.00120853
0.000747548
0.00117835
0.000178173
0.000633423
0.000800275
0.00100549
5.23975e-05
